id,sales
3000888,20.503595
3000889,0.0
3000890,12.829767
3000891,2279.8528
3000892,15.968257
3000893,530.1709
3000894,22.295084
3000895,824.5476
3000896,725.1436
3000897,362.72754
3000898,214.57964
3000899,154.46167
3000900,3325.3425
3000901,36.462414
3000902,9.580818
3000903,2.8151476
3000904,0.0
3000905,17.756996
3000906,281.8055
3000907,23.453062
3000908,0.0
3000909,79.27284
3000910,134.47942
3000911,21.646067
3000912,314.85703
3000913,342.8778
3000914,21.70301
3000915,18.770906
3000916,321.7014
3000917,115.26614
3000918,3979.7905
3000919,150.31326
3000920,38.647778
3000921,0.0
3000922,0.0
3000923,0.0
3000924,1544.0951
3000925,0.0
3000926,164.165
3000927,0.0
3000928,647.9045
3000929,339.89673
3000930,293.7792
3000931,49.70836
3000932,19.743315
3000933,2490.901
3000934,0.0
3000935,0.0
3000936,0.0
3000937,0.0
3000938,4.4268813
3000939,173.37094
3000940,0.0
3000941,0.0
3000942,0.0
3000943,0.0
3000944,0.0
3000945,270.7601
3000946,157.66562
3000947,5.1139216
3000948,0.0
3000949,216.38586
3000950,49.434696
3000951,2656.0454
3000952,0.0
3000953,0.0
3000954,19.452028
3000955,16.99005
3000956,100.91341
3000957,4249.662
3000958,0.0
3000959,680.7426
3000960,26.452406
3000961,1650.1487
3000962,695.6723
3000963,660.0006
3000964,162.63564
3000965,116.04181
3000966,6425.2803
3000967,44.156334
3000968,17.090643
3000969,196.15736
3000970,181.17142
3000971,5.359759
3000972,509.60236
3000973,26.551542
3000974,111.82019
3000975,220.85326
3000976,288.88098
3000977,24.478922
3000978,554.6019
3000979,544.92773
3000980,6.5781827
3000981,61.838497
3000982,405.6083
3000983,63.946278
3000984,2246.2253
3000985,331.11676
3000986,42.828823
3000987,6.174351
3000988,8.093952
3000989,0.0
3000990,1670.2931
3000991,0.0
3000992,309.7303
3000993,9.136246
3000994,777.0745
3000995,535.90497
3000996,306.5916
3000997,80.64237
3000998,51.96327
3000999,2910.0103
3001000,15.444647
3001001,5.2868714
3001002,0.0
3001003,0.0
3001004,4.922002
3001005,258.05746
3001006,6.4252877
3001007,0.0
3001008,0.0
3001009,9.73681
3001010,8.743645
3001011,163.10294
3001012,248.91393
3001013,8.835119
3001014,6.3177786
3001015,196.22906
3001016,68.73179
3001017,2076.9077
3001018,83.16148
3001019,14.117153
3001020,3.619822
3001021,0.0
3001022,0.0
3001023,1645.9368
3001024,0.0
3001025,218.63072
3001026,6.5817165
3001027,745.5376
3001028,539.5278
3001029,260.09424
3001030,59.61087
3001031,36.91032
3001032,2930.8792
3001033,12.890116
3001034,2.7323396
3001035,0.0
3001036,0.0
3001037,2.367471
3001038,235.26665
3001039,3.8707561
3001040,0.0
3001041,0.0
3001042,0.0
3001043,6.1891146
3001044,160.54843
3001045,119.5656
3001046,6.280591
3001047,3.763247
3001048,121.10924
3001049,66.17727
3001050,2060.1748
3001051,55.943604
3001052,11.562623
3001053,10.457715
3001054,12.377317
3001055,0.0
3001056,1553.7144
3001057,0.0
3001058,271.64685
3001059,13.419609
3001060,1134.2479
3001061,586.114
3001062,354.04898
3001063,69.88203
3001064,44.63992
3001065,2975.8975
3001066,19.728008
3001067,9.570229
3001068,0.0
3001069,0.0
3001070,9.205361
3001071,292.74588
3001072,10.708651
3001073,0.0
3001074,0.0
3001075,19.26741
3001076,10.916703
3001077,225.83873
3001078,313.65326
3001079,13.118486
3001080,10.601141
3001081,133.24496
3001082,73.01517
3001083,2199.0698
3001084,92.69207
3001085,18.400518
3001086,13.088813
3001087,15.008414
3001088,0.24818611
3001089,1783.2051
3001090,0.0
3001091,302.73428
3001092,16.050703
3001093,949.03723
3001094,577.2122
3001095,387.96558
3001096,33.875084
3001097,47.271015
3001098,3452.0356
3001099,22.359106
3001100,12.201326
3001101,0.0
3001102,0.0
3001103,11.836457
3001104,293.93173
3001105,13.339748
3001106,0.0
3001107,0.0
3001108,23.025244
3001109,13.547801
3001110,142.30824
3001111,266.07904
3001112,15.749586
3001113,13.232239
3001114,135.87607
3001115,73.61898
3001116,2438.7217
3001117,95.32319
3001118,21.031612
3001119,0.84558547
3001120,2.765188
3001121,0.0
3001122,1448.6748
3001123,0.0
3001124,151.1969
3001125,3.8074796
3001126,870.9952
3001127,417.97498
3001128,176.45866
3001129,105.99953
3001130,35.027798
3001131,2705.0957
3001132,10.115879
3001133,0.0
3001134,0.0
3001135,0.0
3001136,0.0
3001137,204.89146
3001138,0.0
3001139,0.0
3001140,0.0
3001141,0.0
3001142,1.3045762
3001143,134.82138
3001144,95.534035
3001145,3.506356
3001146,0.9890119
3001147,152.96672
3001148,57.202908
3001149,2363.549
3001150,9.320014
3001151,8.788388
3001152,21.905914
3001153,23.825497
3001154,99.14857
3001155,3221.728
3001156,0.0
3001157,371.1559
3001158,24.86781
3001159,1039.0848
3001160,981.22955
3001161,608.57544
3001162,197.00081
3001163,122.29648
3001164,4786.2544
3001165,31.176172
3001166,21.018427
3001167,108.75047
3001168,83.8737
3001169,20.65356
3001170,360.22177
3001171,22.15685
3001172,2.037686
3001173,123.59556
3001174,210.21606
3001175,15.705658
3001176,197.42435
3001177,331.4587
3001178,24.56669
3001179,22.049341
3001180,242.95699
3001181,69.515465
3001182,2518.9258
3001183,283.6406
3001184,29.848688
3001185,3.9850488
3001186,5.904645
3001187,18.737408
3001188,2274.0562
3001189,0.0
3001190,575.0602
3001191,6.946941
3001192,594.49146
3001193,838.00653
3001194,279.16812
3001195,143.06023
3001196,68.355995
3001197,3195.576
3001198,13.255333
3001199,3.0975642
3001200,28.339287
3001201,0.0
3001202,2.7326932
3001203,193.48972
3001204,4.2359815
3001205,0.0
3001206,13.465441
3001207,66.49945
3001208,4.2062697
3001209,130.42712
3001210,163.69135
3001211,6.6458154
3001212,4.128473
3001213,181.24623
3001214,59.571217
3001215,2685.8525
3001216,139.92407
3001217,11.927844
3001218,9.076363
3001219,10.406037
3001220,8.967535
3001221,2720.1206
3001222,0.0
3001223,367.96973
3001224,12.038257
3001225,1062.468
3001226,617.3771
3001227,436.98856
3001228,107.10946
3001229,72.85739
3001230,3677.1426
3001231,18.346659
3001232,8.188882
3001233,18.569412
3001234,0.0
3001235,7.824012
3001236,215.01108
3001237,9.327298
3001238,0.0
3001239,11.878531
3001240,53.795395
3001241,9.297587
3001242,135.5184
3001243,280.2499
3001244,11.737134
3001245,9.219789
3001246,142.4171
3001247,65.65791
3001248,2212.2488
3001249,127.21998
3001250,17.019167
3001251,14.112608
3001252,6.846208
3001253,24.348164
3001254,3048.6658
3001255,6.8417783
3001256,672.4037
3001257,15.904088
3001258,882.4569
3001259,812.924
3001260,371.6258
3001261,233.4511
3001262,164.40874
3001263,4175.2427
3001264,29.148716
3001265,4.2632003
3001266,14.33358
3001267,0.0
3001268,11.366008
3001269,335.13135
3001270,17.062073
3001271,0.0
3001272,69.80124
3001273,135.36671
3001274,13.118363
3001275,441.77133
3001276,318.6934
3001277,15.312018
3001278,12.379921
3001279,466.58514
3001280,124.1018
3001281,3462.7083
3001282,148.96033
3001283,32.25678
3001284,30.50575
3001285,31.83542
3001286,78.36226
3001287,3186.6157
3001288,0.0
3001289,504.94
3001290,33.46764
3001291,1259.9631
3001292,929.3133
3001293,714.4261
3001294,137.04463
3001295,106.914246
3001296,4939.387
3001297,39.77605
3001298,29.618273
3001299,87.9641
3001300,76.944145
3001301,29.253405
3001302,369.5954
3001303,30.75669
3001304,0.0
3001305,116.66603
3001306,199.21704
3001307,30.726976
3001308,179.33138
3001309,441.59662
3001310,33.166527
3001311,30.64918
3001312,163.84651
3001313,87.08731
3001314,2123.2388
3001315,229.83241
3001316,38.44856
3001317,26.986607
3001318,28.316288
3001319,81.93221
3001320,2785.6719
3001321,0.0
3001322,532.0282
3001323,29.948502
3001324,1144.0779
3001325,708.3957
3001326,473.69412
3001327,168.5217
3001328,112.87126
3001329,4645.5537
3001330,43.51206
3001331,26.099129
3001332,91.53412
3001333,82.18381
3001334,25.73426
3001335,392.57394
3001336,27.237541
3001337,47.706444
3001338,121.90571
3001339,183.6647
3001340,26.513962
3001341,142.67441
3001342,343.07382
3001343,29.64738
3001344,42.82778
3001345,157.51881
3001346,83.568184
3001347,2200.121
3001348,257.0893
3001349,40.078037
3001350,2.9667666
3001351,4.296447
3001352,0.0
3001353,1709.2589
3001354,0.0
3001355,297.21896
3001356,5.9286604
3001357,734.43384
3001358,422.9242
3001359,237.19025
3001360,65.63204
3001361,39.686558
3001362,2820.5037
3001363,19.4922
3001364,2.0792835
3001365,0.0
3001366,0.0
3001367,1.7144134
3001368,193.13069
3001369,3.2177026
3001370,0.0
3001371,0.0
3001372,0.0
3001373,8.680123
3001374,118.65463
3001375,148.4326
3001376,5.6275363
3001377,3.110194
3001378,133.499
3001379,20.054401
3001380,1790.359
3001381,20.394894
3001382,16.058195
3001383,27.62703
3001384,0.0
3001385,0.0
3001386,1725.7028
3001387,27.572243
3001388,268.95895
3001389,30.58892
3001390,697.658
3001391,519.5315
3001392,212.1082
3001393,74.231445
3001394,62.84355
3001395,2725.4683
3001396,44.152466
3001397,26.739548
3001398,0.0
3001399,0.0
3001400,26.374676
3001401,106.98822
3001402,27.877964
3001403,0.0
3001404,0.0
3001405,0.0
3001406,26.905254
3001407,562.1657
3001408,127.79918
3001409,24.307129
3001410,27.770454
3001411,295.98715
3001412,84.20858
3001413,1665.3937
3001414,66.16724
3001415,40.71846
3001416,38.377712
3001417,35.469666
3001418,251.75838
3001419,3867.09
3001420,34.1511
3001421,849.75024
3001422,41.33961
3001423,1164.1152
3001424,1386.5942
3001425,612.7676
3001426,271.54126
3001427,243.47581
3001428,4581.1343
3001429,35.95642
3001430,37.490234
3001431,261.36047
3001432,333.02747
3001433,37.125366
3001434,536.42523
3001435,38.62865
3001436,298.20676
3001437,372.46066
3001438,386.49374
3001439,34.326096
3001440,288.21573
3001441,600.5466
3001442,43.98664
3001443,38.52114
3001444,344.78055
3001445,90.21439
3001446,6047.4165
3001447,533.0451
3001448,33.71637
3001449,3.1600401
3001450,0.251988
3001451,0.0
3001452,2212.8044
3001453,0.0
3001454,355.74997
3001455,6.1219316
3001456,539.7773
3001457,517.45435
3001458,136.03073
3001459,99.20467
3001460,74.59988
3001461,2218.369
3001462,11.804861
3001463,2.2725565
3001464,0.0
3001465,0.0
3001466,1.9076852
3001467,63.567623
3001468,0.0
3001469,0.0
3001470,0.0
3001471,119.10683
3001472,6.6218677
3001473,248.24597
3001474,41.26405
3001475,8.76899
3001476,3.3034644
3001477,184.139
3001478,58.723087
3001479,4512.6924
3001480,0.0
3001481,11.1435375
3001482,0.0
3001483,0.0
3001484,0.0
3001485,1302.7378
3001486,0.0
3001487,175.70543
3001488,1.4403543
3001489,381.40347
3001490,283.11032
3001491,38.401863
3001492,73.9903
3001493,47.854694
3001494,2197.7637
3001495,7.1232815
3001496,0.0
3001497,0.0
3001498,0.0
3001499,0.0
3001500,0.0
3001501,0.0
3001502,0.0
3001503,0.0
3001504,0.0
3001505,1.9402913
3001506,243.56456
3001507,40.540356
3001508,4.087409
3001509,0.0
3001510,184.28978
3001511,54.041553
3001512,2778.8374
3001513,0.0
3001514,6.4619517
3001515,38.86315
3001516,35.955105
3001517,55.753742
3001518,3238.6055
3001519,26.074766
3001520,662.0471
3001521,41.82505
3001522,906.12616
3001523,935.8351
3001524,424.29248
3001525,241.23914
3001526,153.8842
3001527,4032.0151
3001528,47.106907
3001529,37.975674
3001530,80.11739
3001531,64.3347
3001532,37.610806
3001533,256.65054
3001534,39.11409
3001535,89.919716
3001536,123.3679
3001537,227.943
3001538,31.37958
3001539,232.75046
3001540,325.6639
3001541,44.47211
3001542,39.00658
3001543,264.87344
3001544,94.42625
3001545,4229.676
3001546,221.23863
3001547,46.84666
3001548,30.062696
3001549,27.15462
3001550,46.95328
3001551,3270.2852
3001552,0.0
3001553,761.24506
3001554,33.024586
3001555,1114.2247
3001556,1013.55457
3001557,461.19333
3001558,232.43867
3001559,135.4396
3001560,4824.13
3001561,38.30645
3001562,29.175203
3001563,71.316956
3001564,55.534245
3001565,28.810339
3001566,314.3258
3001567,0.0
3001568,72.0945
3001569,96.61685
3001570,219.14244
3001571,22.579119
3001572,199.65656
3001573,358.57962
3001574,35.671654
3001575,30.206118
3001576,210.59727
3001577,85.62579
3001578,3086.15
3001579,215.95259
3001580,38.046196
3001581,10.986385
3001582,15.950162
3001583,62.991325
3001584,2919.8606
3001585,0.0
3001586,683.8501
3001587,13.948278
3001588,907.3322
3001589,929.025
3001590,419.89438
3001591,217.36531
3001592,118.08747
3001593,4185.135
3001594,24.284544
3001595,15.515936
3001596,57.091206
3001597,62.070312
3001598,9.734041
3001599,302.42914
3001600,0.0
3001601,65.13526
3001602,78.67792
3001603,188.6909
3001604,10.203841
3001605,142.98755
3001606,286.8171
3001607,16.595346
3001608,11.129811
3001609,120.13192
3001610,100.62026
3001611,2620.4214
3001612,238.72725
3001613,18.969893
3001614,55.940975
3001615,26.242224
3001616,127.36995
3001617,6893.3506
3001618,29.627483
3001619,1285.815
3001620,63.857323
3001621,1775.198
3001622,2339.1523
3001623,663.0408
3001624,517.61615
3001625,315.6356
3001626,7805.192
3001627,93.260506
3001628,45.911476
3001629,117.35532
3001630,315.9003
3001631,32.150387
3001632,604.9949
3001633,68.35451
3001634,196.74103
3001635,394.92798
3001636,436.2801
3001637,47.844322
3001638,640.9508
3001639,760.39764
3001640,36.946598
3001641,61.768433
3001642,998.5496
3001643,249.4231
3001644,10336.254
3001645,433.631
3001646,101.66937
3001647,3.1647432
3001648,8.12853
3001649,0.0
3001650,1990.2423
3001651,0.0
3001652,275.05667
3001653,6.1266375
3001654,612.2537
3001655,585.6605
3001656,185.42464
3001657,131.21019
3001658,24.73436
3001659,2639.4727
3001660,16.462912
3001661,7.6942964
3001662,0.0
3001663,0.0
3001664,1.9123946
3001665,191.54224
3001666,3.4156783
3001667,0.0
3001668,0.0
3001669,18.902588
3001670,2.3822
3001671,114.70883
3001672,228.70459
3001673,5.920871
3001674,3.3081691
3001675,112.31023
3001676,58.72785
3001677,2679.592
3001678,60.36105
3001679,11.14825
3001680,36.72443
3001681,26.822474
3001682,57.538486
3001683,2886.7832
3001684,0.0
3001685,670.49365
3001686,39.686325
3001687,1349.0233
3001688,1058.5769
3001689,464.9593
3001690,254.86559
3001691,148.53088
3001692,4904.0356
3001693,38.32736
3001694,41.253983
3001695,86.26384
3001696,78.4715
3001697,35.472084
3001698,378.2028
3001699,36.975365
3001700,69.517456
3001701,103.95835
3001702,202.43515
3001703,35.941887
3001704,257.19882
3001705,455.24237
3001706,39.480553
3001707,36.867855
3001708,193.32793
3001709,136.80293
3001710,2721.796
3001711,243.10947
3001712,44.707928
3001713,0.0
3001714,0.0
3001715,0.0
3001716,1426.3116
3001717,0.0
3001718,211.8992
3001719,0.0
3001720,562.8562
3001721,501.80667
3001722,111.458435
3001723,22.664272
3001724,0.0
3001725,2672.2349
3001726,5.2066007
3001727,0.0
3001728,0.0
3001729,0.0
3001730,0.0
3001731,101.04697
3001732,0.0
3001733,0.0
3001734,0.0
3001735,0.0
3001736,0.0
3001737,153.57587
3001738,94.34215
3001739,0.0
3001740,0.0
3001741,99.87817
3001742,46.29584
3001743,2519.2278
3001744,0.0
3001745,0.0
3001746,25.697353
3001747,18.935375
3001748,12.620226
3001749,2191.22
3001750,0.0
3001751,450.11218
3001752,28.659252
3001753,908.842
3001754,711.98096
3001755,325.8716
3001756,190.19037
3001757,91.681335
3001758,3335.0051
3001759,28.580305
3001760,20.33871
3001761,29.414425
3001762,6.277021
3001763,24.445004
3001764,328.53552
3001765,0.0
3001766,19.72491
3001767,32.771847
3001768,130.24057
3001769,24.91481
3001770,216.3906
3001771,351.36258
3001772,28.453459
3001773,25.84078
3001774,166.1595
3001775,70.41876
3001776,3185.2722
3001777,170.91492
3001778,33.680862
3001779,31.027555
3001780,24.265596
3001781,17.950441
3001782,2984.691
3001783,0.0
3001784,799.227
3001785,33.989464
3001786,921.29895
3001787,980.3752
3001788,347.89243
3001789,195.52061
3001790,104.83214
3001791,4427.658
3001792,33.910538
3001793,25.668936
3001794,34.744656
3001795,11.607242
3001796,29.775225
3001797,302.442
3001798,31.278494
3001799,0.0
3001800,47.390514
3001801,140.16052
3001802,30.090645
3001803,204.26932
3001804,276.8525
3001805,33.7837
3001806,31.170984
3001807,151.81305
3001808,75.74895
3001809,2752.1711
3001810,107.3992
3001811,39.01108
3001812,0.0
3001813,2.1575372
3001814,0.0
3001815,1748.8877
3001816,0.0
3001817,194.33069
3001818,0.0
3001819,539.52936
3001820,325.16043
3001821,122.97354
3001822,21.80467
3001823,44.779625
3001824,2501.1995
3001825,6.687199
3001826,1.4572892
3001827,0.0
3001828,0.0
3001829,0.0
3001830,125.51742
3001831,0.0
3001832,0.0
3001833,0.0
3001834,0.0
3001835,0.0
3001836,190.7904
3001837,124.074776
3001838,0.0
3001839,0.0
3001840,114.0463
3001841,57.115936
3001842,2437.6907
3001843,6.6488986
3001844,1.2444584
3001845,19.59372
3001846,9.685383
3001847,37.990723
3001848,3137.412
3001849,0.0
3001850,597.75037
3001851,20.15445
3001852,930.4173
3001853,934.5184
3001854,306.0195
3001855,175.26959
3001856,109.78348
3001857,4550.4434
3001858,28.84482
3001859,17.632866
3001860,47.852394
3001861,45.383087
3001862,18.341368
3001863,343.69116
3001864,19.844654
3001865,0.0
3001866,81.166336
3001867,156.52264
3001868,16.868721
3001869,196.79008
3001870,320.35364
3001871,18.91304
3001872,19.737144
3001873,140.37923
3001874,64.19539
3001875,2983.9111
3001876,197.19691
3001877,21.91664
3001878,37.093098
3001879,24.5328
3001880,63.945724
3001881,3238.0625
3001882,28.128063
3001883,598.90985
3001884,36.119568
3001885,982.2518
3001886,1012.4024
3001887,227.6517
3001888,201.22462
3001889,140.97136
3001890,3988.2324
3001891,46.344196
3001892,27.77921
3001893,73.807434
3001894,56.007996
3001895,31.967188
3001896,287.9879
3001897,37.344032
3001898,31.967043
3001899,102.03747
3001900,179.67276
3001901,31.716125
3001902,203.84784
3001903,293.99832
3001904,33.84858
3001905,37.236523
3001906,177.95961
3001907,113.949356
3001908,4334.4146
3001909,220.34706
3001910,39.416027
3001911,9.26074
3001912,7.577286
3001913,19.40567
3001914,2550.243
3001915,3.8516233
3001916,514.487
3001917,9.851863
3001918,948.3065
3001919,848.2312
3001920,216.45233
3001921,164.01495
3001922,117.04236
3001923,3652.5144
3001924,19.420893
3001925,0.0
3001926,29.267363
3001927,0.0
3001928,4.134824
3001929,241.8573
3001930,9.511677
3001931,0.0
3001932,39.456528
3001933,90.58238
3001934,14.738367
3001935,176.01549
3001936,300.5049
3001937,6.038476
3001938,14.2118845
3001939,150.12726
3001940,87.02601
3001941,3433.496
3001942,129.36333
3001943,11.583662
3001944,30.06393
3001945,19.9732
3001946,38.154392
3001947,3870.5554
3001948,0.0
3001949,771.49524
3001950,30.655066
3001951,1395.0107
3001952,866.0914
3001953,406.41968
3001954,304.3893
3001955,99.01095
3001956,5558.6196
3001957,40.22404
3001958,20.750029
3001959,48.016094
3001960,18.512215
3001961,24.938017
3001962,378.54935
3001963,30.314869
3001964,0.0
3001965,64.54171
3001966,178.6548
3001967,27.134281
3001968,342.92126
3001969,456.7659
3001970,26.841661
3001971,30.20736
3001972,182.50319
3001973,91.466324
3001974,3006.3376
3001975,217.43567
3001976,32.386845
3001977,10.905174
3001978,13.281248
3001979,0.0
3001980,2803.6677
3001981,19.642736
3001982,405.59567
3001983,20.057922
3001984,814.601
3001985,669.6341
3001986,228.99939
3001987,145.5296
3001988,100.671646
3001989,3593.5364
3001990,27.049774
3001991,0.0
3001992,0.0
3001993,0.0
3001994,16.218893
3001995,194.65268
3001996,13.858545
3001997,0.0
3001998,36.68504
3001999,0.0
3002000,17.74855
3002001,338.99454
3002002,204.56337
3002003,18.88169
3002004,11.516515
3002005,421.69223
3002006,111.702095
3002007,3075.0813
3002008,0.0
3002009,34.238438
3002010,21.90088
3002011,11.810164
3002012,35.124126
3002013,4632.6074
3002014,0.0
3002015,651.3056
3002016,22.492008
3002017,2004.2667
3002018,1259.3911
3002019,400.05325
3002020,182.88367
3002021,90.847916
3002022,6617.526
3002023,32.06102
3002024,18.298296
3002025,36.981808
3002026,9.713121
3002027,16.774961
3002028,362.44415
3002029,0.0
3002030,38.5864
3002031,45.4461
3002032,166.7989
3002033,18.971241
3002034,151.68889
3002035,396.53275
3002036,18.678614
3002037,22.044306
3002038,164.52707
3002039,80.58381
3002040,3644.1125
3002041,212.41222
3002042,24.223808
3002043,33.267414
3002044,33.13074
3002045,34.78339
3002046,2779.2908
3002047,23.989828
3002048,523.3187
3002049,33.858543
3002050,926.237
3002051,723.8905
3002052,331.95383
3002053,181.95438
3002054,126.54496
3002055,3827.989
3002056,49.368053
3002057,29.664835
3002058,36.64107
3002059,0.0
3002060,28.1415
3002061,248.55396
3002062,33.51835
3002063,0.0
3002064,45.654675
3002065,128.12013
3002066,30.337778
3002067,191.62631
3002068,353.51337
3002069,30.045153
3002070,25.66079
3002071,176.96289
3002072,91.95034
3002073,2940.5981
3002074,126.021805
3002075,35.590324
3002076,19.296936
3002077,37.34706
3002078,96.53484
3002079,2928.677
3002080,18.794357
3002081,556.8553
3002082,30.650564
3002083,803.73987
3002084,840.56696
3002085,350.54083
3002086,228.20839
3002087,148.56813
3002088,3406.2886
3002089,47.25339
3002090,36.633385
3002091,98.3925
3002092,112.26436
3002093,27.947844
3002094,306.23627
3002095,27.265743
3002096,79.64048
3002097,139.96765
3002098,225.84143
3002099,27.092037
3002100,193.11566
3002101,376.1881
3002102,31.47827
3002103,19.440363
3002104,161.92305
3002105,91.18168
3002106,3659.1074
3002107,278.2873
3002108,42.4928
3002109,26.549244
3002110,32.86353
3002111,19.151882
3002112,4103.381
3002113,0.0
3002114,591.8256
3002115,25.655941
3002116,1073.8494
3002117,1065.6388
3002118,377.7949
3002119,184.72255
3002120,94.81104
3002121,4184.5327
3002122,40.87635
3002123,32.145897
3002124,21.009565
3002125,0.0
3002126,28.07467
3002127,246.07996
3002128,0.0
3002129,0.0
3002130,0.35630256
3002131,177.38148
3002132,34.34433
3002133,183.1276
3002134,329.43817
3002135,30.69748
3002136,26.692669
3002137,181.09525
3002138,98.22324
3002139,2772.658
3002140,115.42381
3002141,49.745132
3002142,50.940605
3002143,0.0
3002144,89.72496
3002145,8395.253
3002146,28.89548
3002147,1522.0504
3002148,53.5386
3002149,2296.6353
3002150,2236.893
3002151,847.9353
3002152,523.55475
3002153,364.5434
3002154,9654.134
3002155,75.91101
3002156,20.934374
3002157,161.83717
3002158,182.04764
3002159,23.557556
3002160,645.3676
3002161,194.69724
3002162,261.6132
3002163,190.99841
3002164,394.16974
3002165,38.488945
3002166,742.0604
3002167,730.022
3002168,38.755074
3002169,66.66947
3002170,1053.7168
3002171,341.75015
3002172,12808.307
3002173,451.9395
3002174,90.135666
3002175,35.938114
3002176,0.0
3002177,58.873955
3002178,7896.2363
3002179,12.716927
3002180,1278.2217
3002181,33.96918
3002182,2212.0632
3002183,2099.6936
3002184,723.5406
3002185,355.5577
3002186,348.08435
3002187,9721.503
3002188,64.980446
3002189,12.402414
3002190,109.74761
3002191,129.95815
3002192,13.868053
3002193,649.99133
3002194,99.50636
3002195,203.89433
3002196,138.90913
3002197,269.07373
3002198,18.91949
3002199,863.60724
3002200,809.31494
3002201,28.859812
3002202,59.56717
3002203,1073.8215
3002204,287.4956
3002205,7846.6978
3002206,434.2084
3002207,70.56622
3002208,0.0
3002209,0.0
3002210,0.0
3002211,4944.138
3002212,0.0
3002213,919.0837
3002214,0.0
3002215,1979.7078
3002216,1320.3955
3002217,766.683
3002218,168.23305
3002219,206.90967
3002220,8083.961
3002221,4.9985113
3002222,0.0
3002223,0.0
3002224,0.0
3002225,0.0
3002226,514.9573
3002227,0.0
3002228,20.176222
3002229,27.878786
3002230,74.03511
3002231,0.0
3002232,916.7454
3002233,767.29443
3002234,0.0
3002235,0.0
3002236,832.37695
3002237,154.029
3002238,3114.2083
3002239,209.10905
3002240,17.93044
3002241,27.8993
3002242,0.0
3002243,87.39452
3002244,7263.6885
3002245,7.1569104
3002246,1191.3868
3002247,25.286095
3002248,2129.5615
3002249,1968.2612
3002250,797.4637
3002251,252.0534
3002252,228.17839
3002253,9094.762
3002254,52.531075
3002255,17.695929
3002256,106.700554
3002257,136.77786
3002258,13.208324
3002259,704.48126
3002260,220.66904
3002261,250.16446
3002262,161.57217
3002263,305.53134
3002264,20.464071
3002265,674.7626
3002266,936.6659
3002267,10.363255
3002268,25.381693
3002269,863.4518
3002270,218.48878
3002271,7461.2134
3002272,501.56546
3002273,59.109318
3002274,0.0
3002275,0.0
3002276,0.0
3002277,3776.9636
3002278,0.0
3002279,771.20905
3002280,0.0
3002281,1494.8645
3002282,912.174
3002283,473.2857
3002284,119.28252
3002285,155.22577
3002286,6798.6733
3002287,12.30448
3002288,0.0
3002289,0.0
3002290,0.0
3002291,0.0
3002292,461.46985
3002293,0.0
3002294,0.0
3002295,67.82052
3002296,87.55469
3002297,0.0
3002298,706.2609
3002299,545.15765
3002300,0.0
3002301,0.0
3002302,646.1861
3002303,137.13783
3002304,2075.4468
3002305,281.90344
3002306,18.882719
3002307,50.97052
3002308,0.0
3002309,129.83212
3002310,6654.357
3002311,33.278683
3002312,1418.8229
3002313,48.357307
3002314,1969.1984
3002315,2416.916
3002316,728.1166
3002317,350.44778
3002318,260.05255
3002319,7430.0596
3002320,75.60228
3002321,40.767124
3002322,149.13818
3002323,211.76062
3002324,30.91921
3002325,530.8612
3002326,65.36335
3002327,390.3881
3002328,350.67212
3002329,370.40613
3002330,43.535275
3002331,596.79486
3002332,819.2478
3002333,36.919483
3002334,48.452908
3002335,741.8968
3002336,264.00894
3002337,10736.163
3002338,544.163
3002339,82.180534
3002340,4.6031075
3002341,6.979181
3002342,0.0
3002343,2231.0747
3002344,13.340675
3002345,416.88147
3002346,13.755865
3002347,839.9154
3002348,295.93832
3002349,283.33557
3002350,114.091225
3002351,109.289024
3002352,3013.514
3002353,20.7477
3002354,0.0
3002355,0.0
3002356,0.0
3002357,9.916821
3002358,195.68578
3002359,7.5564785
3002360,0.0
3002361,5.1434617
3002362,0.0
3002363,13.996464
3002364,313.40237
3002365,221.29306
3002366,12.579622
3002367,5.2144485
3002368,269.05295
3002369,105.400024
3002370,2139.569
3002371,0.0
3002372,23.768614
3002373,8.731719
3002374,0.0
3002375,19.324799
3002376,3990.3464
3002377,0.0
3002378,731.31805
3002379,6.1185064
3002380,1505.0013
3002381,1137.8542
3002382,555.66003
3002383,132.71788
3002384,186.4718
3002385,6090.1206
3002386,33.363506
3002387,0.0
3002388,73.84047
3002389,32.053574
3002390,0.0
3002391,447.74515
3002392,60.08657
3002393,95.380974
3002394,106.36767
3002395,197.07516
3002396,1.2964766
3002397,543.6863
3002398,516.8735
3002399,4.8662333
3002400,6.2141066
3002401,418.84875
3002402,120.394104
3002403,2768.5874
3002404,360.09146
3002405,39.941734
3002406,46.261223
3002407,0.0
3002408,86.08237
3002409,4539.5835
3002410,33.293922
3002411,986.71173
3002412,43.648014
3002413,1646.8123
3002414,1834.7112
3002415,607.8527
3002416,271.39746
3002417,245.47438
3002418,5714.633
3002419,60.381634
3002420,36.05784
3002421,140.59816
3002422,89.44722
3002423,28.618876
3002424,439.36063
3002425,40.741577
3002426,206.95924
3002427,170.412
3002428,259.3555
3002429,38.825985
3002430,580.8124
3002431,652.8043
3002432,37.771835
3002433,43.743614
3002434,753.6307
3002435,160.58301
3002436,8938.093
3002437,471.66946
3002438,77.47119
3002439,42.81901
3002440,0.0
3002441,136.87126
3002442,4290.6406
3002443,0.0
3002444,896.0221
3002445,34.378403
3002446,1371.5887
3002447,1339.6572
3002448,766.69824
3002449,205.00053
3002450,250.51491
3002451,6057.516
3002452,62.66644
3002453,60.482346
3002454,166.2642
3002455,109.97576
3002456,34.75431
3002457,447.92523
3002458,54.256813
3002459,269.89383
3002460,208.31445
3002461,369.77502
3002462,46.89977
3002463,207.92322
3002464,774.4176
3002465,55.071922
3002466,47.359547
3002467,165.04445
3002468,123.63712
3002469,7975.377
3002470,323.78757
3002471,69.55013
3002472,40.52514
3002473,35.196404
3002474,63.321957
3002475,2871.1091
3002476,39.88213
3002477,615.2112
3002478,33.905468
3002479,1105.7623
3002480,832.72626
3002481,431.3782
3002482,148.31157
3002483,169.6058
3002484,3814.683
3002485,50.15052
3002486,36.188553
3002487,92.71486
3002488,43.67167
3002489,34.136127
3002490,322.29416
3002491,35.47057
3002492,104.03285
3002493,156.55243
3002494,216.06987
3002495,32.898594
3002496,273.1612
3002497,421.87344
3002498,42.248676
3002499,35.38831
3002500,162.75066
3002501,121.34319
3002502,4772.277
3002503,368.7434
3002504,55.094616
3002505,24.572847
3002506,19.244118
3002507,14.963094
3002508,3095.3599
3002509,0.0
3002510,326.7606
3002511,17.953184
3002512,1184.3613
3002513,670.9687
3002514,520.7653
3002515,118.82337
3002516,94.96994
3002517,3861.2275
3002518,34.198196
3002519,20.236267
3002520,44.355984
3002521,0.0
3002522,18.183838
3002523,287.22284
3002524,0.0
3002525,0.0
3002526,86.6923
3002527,88.97167
3002528,16.946312
3002529,90.5905
3002530,339.6484
3002531,26.296404
3002532,19.436022
3002533,105.51351
3002534,105.39089
3002535,2577.2905
3002536,255.77408
3002537,39.1423
3002538,25.207306
3002539,10.506285
3002540,35.341698
3002541,3557.3955
3002542,7.4545126
3002543,621.5643
3002544,25.523077
3002545,1039.5142
3002546,901.0212
3002547,418.5065
3002548,189.31242
3002549,184.5103
3002550,4660.2407
3002551,38.778015
3002552,15.8089695
3002553,30.217392
3002554,3.7862525
3002555,12.452995
3002556,331.96515
3002557,28.160667
3002558,0.0
3002559,76.41444
3002560,147.73651
3002561,14.898953
3002562,413.77863
3002563,361.77618
3002564,15.745031
3002565,25.818638
3002566,540.2583
3002567,126.00428
3002568,3475.174
3002569,163.25983
3002570,40.626
3002571,47.739777
3002572,33.038754
3002573,55.19169
3002574,4357.0884
3002575,29.986967
3002576,798.76855
3002577,43.661568
3002578,1117.4374
3002579,1461.1653
3002580,316.5664
3002581,275.70517
3002582,223.83662
3002583,4689.3853
3002584,61.31048
3002585,36.990932
3002586,55.486702
3002587,83.94104
3002588,34.985462
3002589,349.8276
3002590,50.693142
3002591,17.813902
3002592,132.0547
3002593,198.83421
3002594,37.431427
3002595,454.17953
3002596,354.52988
3002597,38.277508
3002598,48.35111
3002599,562.7908
3002600,174.26253
3002601,7141.393
3002602,212.27878
3002603,60.152397
3002604,37.07925
3002605,19.622252
3002606,46.651505
3002607,4452.9785
3002608,16.542356
3002609,872.6569
3002610,33.001045
3002611,1214.2795
3002612,1475.4152
3002613,402.3031
3002614,262.35175
3002615,184.07155
3002616,4871.2124
3002617,50.64998
3002618,26.330416
3002619,47.769608
3002620,97.149445
3002621,24.324947
3002622,421.8821
3002623,40.03262
3002624,58.81337
3002625,169.77757
3002626,254.23401
3002627,22.663685
3002628,425.33704
3002629,440.72208
3002630,27.616999
3002631,37.690586
3002632,527.5632
3002633,173.07195
3002634,6934.639
3002635,235.00365
3002636,49.322495
3002637,16.299934
3002638,0.0
3002639,13.615065
3002640,3426.5806
3002641,0.0
3002642,587.424
3002643,12.22172
3002644,1431.989
3002645,728.98566
3002646,558.94684
3002647,150.23878
3002648,107.2052
3002649,6048.101
3002650,29.87064
3002651,5.5510807
3002652,14.733159
3002653,70.04874
3002654,3.545623
3002655,380.90424
3002656,19.253292
3002657,0.0
3002658,136.74113
3002659,186.31137
3002660,1.8843644
3002661,333.60886
3002662,430.82138
3002663,6.83766
3002664,16.911263
3002665,408.815
3002666,87.94449
3002667,2351.3618
3002668,175.03012
3002669,28.543167
3002670,4.795879
3002671,0.0
3002672,0.0
3002673,1649.3903
3002674,0.26053366
3002675,372.7958
3002676,8.621644
3002677,517.66907
3002678,591.18774
3002679,154.0893
3002680,159.7657
3002681,134.54251
3002682,2420.2678
3002683,20.754673
3002684,0.0
3002685,26.706684
3002686,0.0
3002687,2.0492778
3002688,166.40834
3002689,7.745344
3002690,3.6368208
3002691,0.70399606
3002692,50.63042
3002693,5.9383492
3002694,300.5258
3002695,127.01312
3002696,5.995295
3002697,3.0631905
3002698,276.49182
3002699,100.0939
3002700,1832.4242
3002701,0.91227055
3002702,24.705454
3002703,0.0
3002704,0.0
3002705,0.0
3002706,668.1674
3002707,0.0
3002708,108.829506
3002709,0.0
3002710,538.4945
3002711,163.9743
3002712,208.76282
3002713,12.56884
3002714,39.614353
3002715,1838.6665
3002716,0.0
3002717,0.0
3002718,5.652077
3002719,4.6129622
3002720,1.9631245
3002721,84.96826
3002722,0.0
3002723,0.0
3002724,0.0
3002725,0.0
3002726,0.0
3002727,197.54726
3002728,38.273346
3002729,2.650167
3002730,0.0
3002731,211.58862
3002732,47.506443
3002733,123.166084
3002734,0.0
3002735,0.0
3002736,15.124054
3002737,12.662083
3002738,32.18705
3002739,4070.0745
3002740,0.0
3002741,569.2266
3002742,22.210375
3002743,1623.9889
3002744,536.1735
3002745,490.67844
3002746,118.4003
3002747,78.270065
3002748,5791.7944
3002749,39.82833
3002750,12.762665
3002751,103.7855
3002752,96.07548
3002753,1.0317876
3002754,419.00775
3002755,22.22355
3002756,31.876192
3002757,30.685022
3002758,101.51786
3002759,21.68136
3002760,812.3298
3002761,426.34564
3002762,2.2502105
3002763,30.701464
3002764,322.02243
3002765,60.15379
3002766,634.03174
3002767,140.5862
3002768,40.266254
3002769,5.5854206
3002770,7.505021
3002771,9.784977
3002772,1278.6477
3002773,0.0
3002774,115.782845
3002775,8.633255
3002776,703.8925
3002777,306.40143
3002778,206.33047
3002779,40.146122
3002780,60.88137
3002781,2472.8376
3002782,14.8557
3002783,4.6979375
3002784,39.19977
3002785,0.0
3002786,4.3330655
3002787,163.85509
3002788,5.8363543
3002789,6.903576
3002790,0.0
3002791,0.0
3002792,8.154715
3002793,247.17058
3002794,121.94056
3002795,8.246188
3002796,5.7288456
3002797,158.792
3002798,68.67837
3002799,0.0
3002800,0.0
3002801,15.293619
3002802,3.0308878
3002803,0.0
3002804,7.230447
3002805,1183.7592
3002806,0.0
3002807,92.53771
3002808,6.078723
3002809,696.552
3002810,224.1629
3002811,206.75635
3002812,19.114635
3002813,55.310966
3002814,2352.8948
3002815,12.30117
3002816,2.1434062
3002817,0.0
3002818,16.686455
3002819,1.7785344
3002820,137.58792
3002821,3.2818227
3002822,4.3490458
3002823,3.1578724
3002824,6.8900433
3002825,5.6001835
3002826,229.23257
3002827,104.67021
3002828,5.691659
3002829,3.1743138
3002830,118.186745
3002831,66.12385
3002832,0.0
3002833,0.0
3002834,12.739089
3002835,9.868785
3002836,11.788382
3002837,0.0
3002838,1191.1245
3002839,0.0
3002840,111.6383
3002841,12.916619
3002842,1049.2924
3002843,296.62668
3002844,227.28317
3002845,20.363756
3002846,21.906956
3002847,2553.0518
3002848,19.139061
3002849,8.981299
3002850,43.48313
3002851,0.0
3002852,8.616431
3002853,198.22519
3002854,10.11972
3002855,0.0
3002856,9.9957695
3002857,43.414207
3002858,10.327774
3002859,297.3483
3002860,218.91989
3002861,12.529551
3002862,10.012211
3002863,130.32248
3002864,72.96176
3002865,89.09535
3002866,0.0
3002867,19.576982
3002868,9.870904
3002869,11.790501
3002870,0.0
3002871,1557.5172
3002872,0.0
3002873,99.64045
3002874,12.91874
3002875,846.3718
3002876,289.42258
3002877,246.1017
3002878,34.619446
3002879,21.909077
3002880,2619.6123
3002881,19.141182
3002882,0.0
3002883,0.0
3002884,23.52648
3002885,8.618551
3002886,197.10059
3002887,10.1218405
3002888,11.18906
3002889,9.9978895
3002890,17.163288
3002891,10.329895
3002892,212.61703
3002893,156.7479
3002894,12.531672
3002895,10.014331
3002896,130.32462
3002897,37.993828
3002898,0.0
3002899,0.0
3002900,19.579107
3002901,0.0
3002902,0.0
3002903,1.82724
3002904,1132.0201
3002905,0.0
3002906,74.68296
3002907,0.6755171
3002908,755.7876
3002909,208.93796
3002910,189.87128
3002911,68.10583
3002912,49.39715
3002913,1855.4186
3002914,6.8979597
3002915,0.0
3002916,31.242037
3002917,11.283254
3002918,0.0
3002919,107.74177
3002920,0.0
3002921,0.0
3002922,0.0
3002923,31.173107
3002924,0.0
3002925,68.671585
3002926,92.96243
3002927,0.2884509
3002928,0.0
3002929,118.08139
3002930,58.693336
3002931,0.0
3002932,0.0
3002933,7.3358803
3002934,18.688
3002935,20.607605
3002936,29.768393
3002937,2824.0757
3002938,0.0
3002939,252.75357
3002940,21.735834
3002941,967.98706
3002942,564.0174
3002943,451.70154
3002944,159.10703
3002945,71.24077
3002946,3629.2102
3002947,27.958302
3002948,17.800514
3002949,46.62849
3002950,42.822247
3002951,17.435644
3002952,281.50018
3002953,18.938934
3002954,20.00616
3002955,18.814983
3002956,91.40552
3002957,12.487743
3002958,417.7193
3002959,253.24507
3002960,21.348774
3002961,18.831425
3002962,281.36304
3002963,66.83303
3002964,62.149635
3002965,70.44858
3002966,28.396214
3002967,1.7285835
3002968,3.648189
3002969,0.0
3002970,2050.8376
3002971,0.0
3002972,419.85242
3002973,4.776418
3002974,562.819
3002975,400.21277
3002976,162.01743
3002977,106.12803
3002978,54.281296
3002979,2240.8423
3002980,10.9988785
3002981,0.8410998
3002982,29.669115
3002983,0.0
3002984,0.47623205
3002985,137.70241
3002986,1.9795177
3002987,3.0467396
3002988,0.0
3002989,13.518259
3002990,1.9498059
3002991,264.21918
3002992,144.0722
3002993,4.3893576
3002994,1.8720084
3002995,142.56477
3002996,58.84563
3002997,842.147
3002998,46.37565
3002999,11.436795
3003000,6.819903
3003001,8.149581
3003002,0.0
3003003,2079.9243
3003004,0.0
3003005,193.66623
3003006,9.867737
3003007,988.8137
3003008,315.9552
3003009,278.22903
3003010,70.17723
3003011,59.37263
3003012,2869.2744
3003013,16.090195
3003014,5.9324193
3003015,34.760433
3003016,20.47549
3003017,5.567551
3003018,133.63316
3003019,7.070836
3003020,8.138058
3003021,6.946886
3003022,42.330124
3003023,7.041125
3003024,145.49706
3003025,130.2414
3003026,9.480678
3003027,6.9633274
3003028,137.8271
3003029,63.936943
3003030,197.72763
3003031,0.0
3003032,16.528114
3003033,0.0
3003034,0.0
3003035,0.0
3003036,2606.1157
3003037,0.0
3003038,531.9911
3003039,0.0
3003040,676.9095
3003041,673.23114
3003042,155.54305
3003043,154.85466
3003044,120.70712
3003045,3152.1462
3003046,5.9965453
3003047,0.0
3003048,12.871252
3003049,0.0
3003050,0.0
3003051,214.06564
3003052,0.0
3003053,0.0
3003054,0.0
3003055,40.924854
3003056,0.0
3003057,408.62225
3003058,185.11742
3003059,0.0
3003060,0.0
3003061,423.10217
3003062,101.48513
3003063,1835.6084
3003064,0.0
3003065,10.870017
3003066,28.249304
3003067,29.578981
3003068,21.533987
3003069,2951.508
3003070,0.0
3003071,328.44727
3003072,31.29714
3003073,1185.9237
3003074,590.34296
3003075,463.79688
3003076,100.11235
3003077,74.61573
3003078,4464.0
3003079,37.51958
3003080,27.361822
3003081,56.1898
3003082,69.56136
3003083,26.996946
3003084,281.07224
3003085,28.500238
3003086,29.567461
3003087,9.854067
3003088,82.57334
3003089,28.470526
3003090,650.155
3003091,247.9817
3003092,30.91007
3003093,28.392729
3003094,159.25652
3003095,85.366356
3003096,383.81744
3003097,137.6692
3003098,37.957508
3003099,24.730148
3003100,26.059834
3003101,28.929718
3003102,2637.7544
3003103,0.0
3003104,343.4066
3003105,27.777985
3003106,1085.1987
3003107,522.53955
3003108,328.7066
3003109,131.58943
3003110,83.44804
3003111,3856.7017
3003112,41.255585
3003113,23.842667
3003114,52.67067
3003115,73.13136
3003116,23.477798
3003117,256.72812
3003118,24.981083
3003119,26.048306
3003120,24.857132
3003121,117.6775
3003122,24.257504
3003123,470.2097
3003124,244.83473
3003125,27.390926
3003126,12.084295
3003127,152.92885
3003128,81.847244
3003129,103.99115
3003130,24.983856
3003131,39.586994
3003132,0.71030533
3003133,2.039986
3003134,4.9098682
3003135,1309.3043
3003136,0.0
3003137,104.871826
3003138,3.7581413
3003139,713.97064
3003140,214.39853
3003141,80.238304
3003142,28.699814
3003143,64.11041
3003144,2098.6187
3003145,17.235744
3003146,0.0
3003147,0.0
3003148,14.3658905
3003149,0.0
3003150,80.13366
3003151,0.96123964
3003152,2.0284636
3003153,0.8372893
3003154,0.0
3003155,6.4236617
3003156,150.55093
3003157,60.46396
3003158,3.3710806
3003159,0.8537306
3003160,128.90898
3003161,57.82738
3003162,99.845055
3003163,0.0
3003164,15.567142
3003165,25.370579
3003166,0.0
3003167,0.0
3003168,1184.3429
3003169,25.315784
3003170,218.36154
3003171,28.418411
3003172,552.0132
3003173,420.26636
3003174,108.21429
3003175,101.10023
3003176,93.658554
3003177,1950.2859
3003178,41.896008
3003179,24.483093
3003180,53.311077
3003181,0.0
3003182,24.118221
3003183,81.678474
3003184,25.621513
3003185,26.688732
3003186,0.0
3003187,0.0
3003188,24.648804
3003189,566.05676
3003190,28.545187
3003191,22.05067
3003192,25.514004
3003193,291.3971
3003194,82.487656
3003195,652.4471
3003196,25.624287
3003197,40.2274
3003198,36.121254
3003199,33.21322
3003200,40.32082
3003201,1796.3416
3003202,31.894651
3003203,574.98254
3003204,39.169094
3003205,379.31906
3003206,768.2892
3003207,132.47957
3003208,141.77097
3003209,104.409325
3003210,2619.9878
3003211,33.699966
3003212,35.233776
3003213,64.06174
3003214,49.776806
3003215,34.868908
3003216,140.95607
3003217,36.372192
3003218,37.43941
3003219,36.24824
3003220,76.69486
3003221,32.069645
3003222,292.10672
3003223,166.43102
3003224,41.730206
3003225,36.264683
3003226,340.1906
3003227,88.49342
3003228,1846.8202
3003229,36.374958
3003230,33.225334
3003231,4.4719753
3003232,1.5639259
3003233,8.671537
3003234,1866.8274
3003235,0.24536304
3003236,320.8498
3003237,7.519811
3003238,377.1422
3003239,451.52817
3003240,70.62448
3003241,117.77486
3003242,83.8739
3003243,1344.9904
3003244,13.116802
3003245,3.5844922
3003246,32.412502
3003247,0.0
3003248,3.2196214
3003249,14.236884
3003250,0.0
3003251,5.790131
3003252,4.59896
3003253,110.63194
3003254,7.9338055
3003255,255.70532
3003256,23.99469
3003257,10.080933
3003258,0.0
3003259,183.11742
3003260,60.57053
3003261,1036.6001
3003262,4.725682
3003263,14.220886
3003264,0.0
3003265,0.0
3003266,0.0
3003267,886.836
3003268,0.0
3003269,91.060555
3003270,0.0
3003271,193.7931
3003272,170.327
3003273,95.045425
3003274,107.54414
3003275,72.11239
3003276,1200.98
3003277,2.8860886
3003278,0.0
3003279,0.0
3003280,7.8968325
3003281,0.0
3003282,29.271961
3003283,0.0
3003284,0.0
3003285,0.0
3003286,0.0
3003287,0.0
3003288,245.47482
3003289,0.0
3003290,0.0
3003291,0.0
3003292,172.8867
3003293,50.339855
3003294,215.34973
3003295,0.0
3003296,3.9901652
3003297,28.710619
3003298,25.802572
3003299,20.072906
3003300,2766.4019
3003301,15.922254
3003302,573.5181
3003303,31.758457
3003304,723.34064
3003305,811.34314
3003306,265.11456
3003307,164.49277
3003308,100.85021
3003309,3146.4575
3003310,36.954376
3003311,27.823137
3003312,56.651096
3003313,31.75875
3003314,27.458261
3003315,178.05502
3003316,28.961554
3003317,30.028776
3003318,28.83761
3003319,140.62535
3003320,21.227053
3003321,228.74539
3003322,190.74213
3003323,34.319572
3003324,28.854052
3003325,252.38737
3003326,84.80921
3003327,1965.4412
3003328,28.964323
3003329,38.459526
3003330,19.910162
3003331,17.00212
3003332,11.272438
3003333,3004.959
3003334,0.0
3003335,534.865
3003336,22.957998
3003337,997.98486
3003338,671.074
3003339,292.0767
3003340,187.61032
3003341,82.4056
3003342,3947.32
3003343,28.15391
3003344,19.022676
3003345,55.5903
3003346,19.488144
3003347,18.657812
3003348,185.62827
3003349,0.0
3003350,21.228315
3003351,20.037146
3003352,87.79653
3003353,12.426595
3003354,421.28055
3003355,228.91106
3003356,25.51911
3003357,20.053587
3003358,212.18956
3003359,76.00874
3003360,966.02594
3003361,20.163866
3003362,29.659067
3003363,6.7492056
3003364,11.712965
3003365,32.37819
3003366,2670.936
3003367,0.0
3003368,476.2771
3003369,9.797042
3003370,788.0061
3003371,556.814
3003372,241.35434
3003373,178.45224
3003374,66.96596
3003375,3387.1936
3003376,20.04735
3003377,11.278757
3003378,46.43234
3003379,33.580067
3003380,5.4968596
3003381,194.54797
3003382,0.0
3003383,8.067355
3003384,6.876194
3003385,87.9451
3003386,5.9666567
3003387,373.89902
3003388,228.93512
3003389,12.358148
3003390,6.8926353
3003391,113.561165
3003392,62.84779
3003393,583.38745
3003394,7.002907
3003395,16.498106
3003396,10.599928
3003397,0.0
3003398,16.15197
3003399,6633.8794
3003400,0.0
3003401,1102.575
3003402,20.550518
3003403,1651.158
3003404,1822.1016
3003405,383.6948
3003406,365.606
3003407,243.81616
3003408,6928.2197
3003409,47.919426
3003410,0.57042336
3003411,58.741257
3003412,0.0
3003413,0.0
3003414,422.57175
3003415,23.013407
3003416,35.671375
3003417,34.710777
3003418,315.47137
3003419,2.5032687
3003420,596.98627
3003421,414.1544
3003422,0.0
3003423,16.427341
3003424,954.7725
3003425,204.61746
3003426,6208.232
3003427,0.0
3003428,58.093697
3003429,0.0
3003430,3.8913243
3003431,18.629118
3003432,1397.1165
3003433,0.0
3003434,149.60841
3003435,1.9753816
3003436,497.18588
3003437,270.22028
3003438,119.96093
3003439,97.796104
3003440,59.14429
3003441,1820.1133
3003442,12.225707
3003443,3.4571006
3003444,0.0
3003445,0.0
3003446,0.0
3003447,82.86388
3003448,0.0
3003449,0.0
3003450,0.0
3003451,0.0
3003452,0.0
3003453,129.322
3003454,95.248276
3003455,1.6836728
3003456,0.0
3003457,105.7395
3003458,55.026146
3003459,126.17801
3003460,0.0
3003461,8.676461
3003462,33.271328
3003463,23.369375
3003464,18.34743
3003465,2594.7354
3003466,0.0
3003467,398.00278
3003468,36.319164
3003469,1230.2622
3003470,581.5423
3003471,258.9358
3003472,222.23563
3003473,94.970116
3003474,4012.763
3003475,34.874268
3003476,37.800877
3003477,61.211857
3003478,63.325356
3003479,32.01898
3003480,258.03055
3003481,33.522263
3003482,34.58949
3003483,33.39831
3003484,95.53721
3003485,32.488773
3003486,515.8823
3003487,265.65656
3003488,36.027454
3003489,33.414753
3003490,140.0833
3003491,89.36985
3003492,538.79645
3003493,33.525036
3003494,43.020237
3003495,0.0
3003496,0.0
3003497,7.744141
3003498,983.4611
3003499,0.0
3003500,62.64162
3003501,0.0
3003502,453.65607
3003503,97.400826
3003504,8.408044
3003505,0.0
3003506,48.978447
3003507,1959.2944
3003508,1.7534829
3003509,0.0
3003510,15.220157
3003511,2.3731508
3003512,0.0
3003513,0.0
3003514,0.0
3003515,0.0
3003516,0.0
3003517,0.0
3003518,0.0
3003519,113.080055
3003520,0.0
3003521,0.0
3003522,0.0
3003523,94.091545
3003524,43.378216
3003525,0.0
3003526,0.0
3003527,0.0
3003528,22.244251
3003529,15.482285
3003530,0.0
3003531,1724.9628
3003532,0.0
3003533,298.22626
3003534,25.292088
3003535,767.2908
3003536,407.69064
3003537,194.37442
3003538,157.56029
3003539,83.943
3003540,2656.776
3003541,25.127201
3003542,16.88561
3003543,50.18477
3003544,37.33777
3003545,20.991905
3003546,199.52042
3003547,0.0
3003548,23.56241
3003549,22.371237
3003550,77.191734
3003551,21.461708
3003552,324.7292
3003553,191.84961
3003554,25.000376
3003555,22.387678
3003556,160.37285
3003557,63.86924
3003558,510.32416
3003559,22.497955
3003560,31.993155
3003561,27.574478
3003562,20.8125
3003563,0.0
3003564,2730.8992
3003565,0.0
3003566,609.47034
3003567,30.622313
3003568,795.12866
3003569,548.29266
3003570,193.46487
3003571,162.89053
3003572,97.09382
3003573,3556.8655
3003574,30.457426
3003575,22.215832
3003576,24.658457
3003577,11.806185
3003578,26.322126
3003579,202.64357
3003580,27.825413
3003581,28.892632
3003582,27.701462
3003583,44.018047
3003584,26.63755
3003585,336.21976
3003586,209.57803
3003587,30.330597
3003588,27.717903
3003589,146.0264
3003590,69.19945
3003591,176.75719
3003592,27.82818
3003593,37.323387
3003594,0.0
3003595,0.0
3003596,0.0
3003597,1518.9515
3003598,0.0
3003599,61.41126
3003600,0.0
3003601,482.0753
3003602,130.88599
3003603,28.494873
3003604,101.67306
3003605,60.492023
3003606,1750.4427
3003607,3.234088
3003608,0.0
3003609,0.0
3003610,4.901372
3003611,0.0
3003612,44.260223
3003613,0.0
3003614,0.0
3003615,0.0
3003616,0.0
3003617,0.0
3003618,144.43765
3003619,16.506727
3003620,0.0
3003621,0.0
3003622,108.259674
3003623,54.198322
3003624,95.258766
3003625,0.0
3003626,0.0
3003627,16.140621
3003628,6.2322865
3003629,0.0
3003630,3020.931
3003631,0.0
3003632,443.52713
3003633,19.18846
3003634,857.2465
3003635,575.5316
3003636,189.86887
3003637,156.38675
3003638,105.935585
3003639,3627.37
3003640,25.391714
3003641,14.179766
3003642,44.081135
3003643,13.285518
3003644,14.888264
3003645,222.95586
3003646,16.391558
3003647,17.45878
3003648,16.267607
3003649,79.072525
3003650,13.415626
3003651,361.5349
3003652,196.61627
3003653,15.459945
3003654,16.284048
3003655,134.59258
3003656,61.277794
3003657,896.8665
3003658,16.394327
3003659,20.228954
3003660,33.640015
3003661,21.079699
3003662,20.191792
3003663,2626.1135
3003664,24.674978
3003665,520.489
3003666,35.15359
3003667,854.1233
3003668,878.83856
3003669,149.56819
3003670,167.65111
3003671,128.66774
3003672,3259.7979
3003673,42.89109
3003674,24.326128
3003675,45.77478
3003676,47.277367
3003677,28.514107
3003678,245.01442
3003679,33.89095
3003680,34.958168
3003681,33.767
3003682,120.416016
3003683,28.263046
3003684,206.54218
3003685,226.75072
3003686,30.395493
3003687,33.78344
3003688,172.17296
3003689,111.03175
3003690,2383.1946
3003691,25.927216
3003692,37.72833
3003693,13.452845
3003694,7.403821
3003695,0.0
3003696,2115.76
3003697,8.043734
3003698,434.91977
3003699,16.531078
3003700,785.46814
3003701,649.1068
3003702,92.62054
3003703,147.46396
3003704,121.76134
3003705,2969.6384
3003706,23.613
3003707,4.1389647
3003708,16.210335
3003709,0.0
3003710,8.326933
3003711,175.98409
3003712,13.703779
3003713,0.0
3003714,13.579828
3003715,49.877613
3003716,14.564905
3003717,186.35506
3003718,227.05501
3003719,10.230579
3003720,13.59627
3003721,151.98581
3003722,91.753624
3003723,1648.9591
3003724,5.7400236
3003725,17.541185
3003726,20.829079
3003727,14.780055
3003728,0.0
3003729,3446.4387
3003730,0.0
3003731,585.1802
3003732,23.907312
3003733,1222.4141
3003734,688.89136
3003735,183.80722
3003736,224.08661
3003737,92.35742
3003738,4955.99
3003739,30.989225
3003740,11.515195
3003741,48.7696
3003742,1.4254392
3003743,15.703162
3003744,258.29456
3003745,21.080015
3003746,22.147234
3003747,20.956064
3003748,57.63532
3003749,21.941137
3003750,473.12198
3003751,248.68468
3003752,17.606806
3003753,20.972506
3003754,141.455
3003755,82.76698
3003756,849.81476
3003757,0.0
3003758,24.917416
3003759,0.0
3003760,0.0
3003761,0.0
3003762,1905.148
3003763,0.0
3003764,227.02737
3003765,0.0
3003766,562.95856
3003767,467.5755
3003768,29.403847
3003769,182.54688
3003770,139.97649
3003771,2628.1033
3003772,2.8328192
3003773,0.0
3003774,13.089357
3003775,9.504486
3003776,0.0
3003777,48.703148
3003778,0.0
3003779,0.0
3003780,0.0
3003781,0.0
3003782,0.0
3003783,320.92502
3003784,29.334894
3003785,0.0
3003786,0.0
3003787,399.03915
3003788,88.020615
3003789,1691.7474
3003790,0.0
3003791,11.786898
3003792,8.47472
3003793,2.4256904
3003794,0.0
3003795,3464.2676
3003796,0.0
3003797,390.44443
3003798,11.552955
3003799,1215.3499
3003800,514.1728
3003801,225.50858
3003802,131.54753
3003803,80.00306
3003804,5126.532
3003805,18.634855
3003806,4.8721375
3003807,36.415245
3003808,20.164486
3003809,3.3488042
3003810,233.90042
3003811,0.0
3003812,9.79288
3003813,8.601705
3003814,65.683495
3003815,9.586776
3003816,319.23215
3003817,240.35208
3003818,5.2524543
3003819,8.618146
3003820,148.76736
3003821,67.69312
3003822,806.5898
3003823,0.7618984
3003824,12.563056
3003825,21.536907
3003826,25.441917
3003827,0.0
3003828,2232.4465
3003829,12.259312
3003830,449.09113
3003831,24.615139
3003832,748.7997
3003833,587.8435
3003834,160.46024
3003835,142.88452
3003836,127.89911
3003837,2784.64
3003838,37.63754
3003839,17.934315
3003840,11.73656
3003841,37.175346
3003842,16.410988
3003843,179.92796
3003844,21.787844
3003845,22.855064
3003846,21.663893
3003847,35.169018
3003848,22.648956
3003849,186.04323
3003850,211.69632
3003851,0.0
3003852,21.680334
3003853,161.82953
3003854,80.75535
3003855,1486.8662
3003856,13.824083
3003857,25.625238
3003858,7.5663996
3003859,29.658255
3003860,11.77309
3003861,1695.6515
3003862,7.0638227
3003863,425.63376
3003864,21.407131
3003865,82.86971
3003866,374.4218
3003867,124.81116
3003868,128.91397
3003869,89.69773
3003870,1282.5347
3003871,35.52288
3003872,24.902893
3003873,35.506935
3003874,23.204863
3003875,16.217306
3003876,175.0135
3003877,15.535204
3003878,19.130514
3003879,7.693383
3003880,84.59228
3003881,19.403198
3003882,187.5326
3003883,170.41197
3003884,19.747736
3003885,7.7098246
3003886,147.85896
3003887,79.98668
3003888,1726.0074
3003889,18.44127
3003890,32.527714
3003891,14.8187065
3003892,25.174698
3003893,0.0
3003894,3748.4338
3003895,0.0
3003896,460.43915
3003897,16.412514
3003898,1038.871
3003899,640.6475
3003900,206.30138
3003901,135.0819
3003902,96.95004
3003903,3676.4263
3003904,29.145844
3003905,20.415363
3003906,42.759235
3003907,30.457153
3003908,16.344141
3003909,146.39223
3003910,0.0
3003911,26.382822
3003912,14.945692
3003913,40.444088
3003914,26.655506
3003915,317.2491
3003916,177.67526
3003917,18.966953
3003918,14.962133
3003919,167.03125
3003920,87.02825
3003921,852.3657
3003922,18.589163
3003923,39.780006
3003924,24.436872
3003925,0.0
3003926,0.0
3003927,7424.813
3003928,2.3917565
3003929,1364.8942
3003930,29.52197
3003931,1862.3859
3003932,2220.2458
3003933,442.46695
3003934,458.10855
3003935,360.16693
3003936,8147.279
3003937,49.407276
3003938,0.0
3003939,36.480644
3003940,82.22436
3003941,0.0
3003942,480.52106
3003943,60.928684
3003944,9.157396
3003945,57.229942
3003946,341.71426
3003947,16.02688
3003948,730.5713
3003949,468.84955
3003950,12.251343
3003951,40.16573
3003952,1002.6356
3003953,315.78177
3003954,8277.137
3003955,257.23895
3003956,65.39734
3003957,9.434383
3003958,0.0
3003959,0.0
3003960,6447.6035
3003961,0.0
3003962,1099.8048
3003963,9.952563
3003964,1815.3461
3003965,1727.1895
3003966,399.51083
3003967,295.28
3003968,338.9903
3003969,8213.02
3003970,38.476734
3003971,0.0
3003972,48.393375
3003973,30.134783
3003974,0.0
3003975,482.9915
3003976,15.657486
3003977,0.0
3003978,5.308581
3003979,217.5238
3003980,0.0
3003981,809.43475
3003982,510.16873
3003983,2.3560705
3003984,20.596323
3003985,1022.7403
3003986,261.52722
3003987,4978.091
3003988,239.50806
3003989,45.827896
3003990,0.0
3003991,0.0
3003992,0.0
3003993,4250.762
3003994,0.0
3003995,771.2501
3003996,0.0
3003997,1574.2261
3003998,1268.392
3003999,460.01047
3004000,174.92465
3004001,231.35956
3004002,6835.2744
3004003,0.0
3004004,0.0
3004005,0.0
3004006,0.0
3004007,0.0
3004008,365.4565
3004009,0.0
3004010,0.0
3004011,0.0
3004012,0.0
3004013,0.0
3004014,862.6202
3004015,437.12888
3004016,0.0
3004017,0.0
3004018,791.631
3004019,138.39508
3004020,1226.1211
3004021,0.0
3004022,1.7610769
3004023,2.2483442
3004024,0.0
3004025,0.0
3004026,6357.6035
3004027,0.0
3004028,1030.432
3004029,3.964891
3004030,1703.5275
3004031,1767.4099
3004032,419.14917
3004033,233.05598
3004034,218.32835
3004035,7475.5786
3004036,26.880112
3004037,0.0
3004038,0.0
3004039,38.82716
3004040,0.0
3004041,484.87106
3004042,3.4963002
3004043,0.0
3004044,29.676102
3004045,213.29369
3004046,0.0
3004047,623.31335
3004048,570.5824
3004049,0.0
3004050,0.0
3004051,870.03705
3004052,193.37325
3004053,4106.6597
3004054,308.73776
3004055,33.458347
3004056,0.0
3004057,0.0
3004058,0.0
3004059,3231.5974
3004060,0.0
3004061,584.34735
3004062,0.0
3004063,1400.9175
3004064,888.371
3004065,351.9786
3004066,73.00206
3004067,195.38228
3004068,5518.298
3004069,3.9340303
3004070,0.0
3004071,0.0
3004072,0.0
3004073,0.0
3004074,350.8722
3004075,0.0
3004076,0.0
3004077,0.0
3004078,0.0
3004079,0.0
3004080,677.73376
3004081,375.16565
3004082,0.0
3004083,0.0
3004084,702.7777
3004085,129.30287
3004086,653.4634
3004087,11.045155
3004088,10.512253
3004089,28.189686
3004090,0.0
3004091,11.407687
3004092,5813.154
3004093,10.497841
3004094,1172.5236
3004095,29.906239
3004096,1393.8171
3004097,2017.8284
3004098,317.8345
3004099,325.5174
3004100,244.26973
3004101,6260.6694
3004102,52.821434
3004103,17.9863
3004104,21.357826
3004105,117.98971
3004106,8.138365
3004107,387.5401
3004108,131.15631
3004109,25.079288
3004110,0.0
3004111,258.49158
3004112,24.796143
3004113,568.2677
3004114,344.93243
3004115,14.138649
3004116,25.672077
3004117,679.59424
3004118,241.76363
3004119,6412.5557
3004120,249.74207
3004121,59.399673
3004122,0.0
3004123,0.0
3004124,0.0
3004125,1479.1578
3004126,0.0
3004127,273.66486
3004128,0.0
3004129,662.5685
3004130,337.85162
3004131,67.26326
3004132,151.48833
3004133,148.97374
3004134,2264.809
3004135,3.9751956
3004136,0.0
3004137,0.0
3004138,0.0
3004139,0.0
3004140,60.387337
3004141,0.0
3004142,0.0
3004143,0.0
3004144,0.0
3004145,0.0
3004146,302.7773
3004147,115.016396
3004148,0.0
3004149,0.0
3004150,240.27225
3004151,89.16302
3004152,1046.5237
3004153,0.0
3004154,8.761508
3004155,0.0
3004156,0.0
3004157,0.0
3004158,3566.492
3004159,0.0
3004160,579.8223
3004161,0.0
3004162,1146.2433
3004163,920.18054
3004164,347.5073
3004165,137.65295
3004166,200.55428
3004167,5016.2183
3004168,16.870228
3004169,0.0
3004170,0.0
3004171,6.150718
3004172,0.0
3004173,276.10727
3004174,0.0
3004175,0.0
3004176,0.0
3004177,109.129486
3004178,0.0
3004179,516.20825
3004180,364.2481
3004181,0.0
3004182,0.0
3004183,394.9501
3004184,104.43633
3004185,1503.8475
3004186,173.75778
3004187,23.448471
3004188,15.425039
3004189,0.0
3004190,0.0
3004191,3921.182
3004192,2.4577255
3004193,824.5124
3004194,17.14159
3004195,1141.339
3004196,1330.7993
3004197,227.48532
3004198,247.02539
3004199,222.54745
3004200,4345.684
3004201,33.46998
3004202,5.2216473
3004203,40.704514
3004204,35.766605
3004205,0.0
3004206,230.75757
3004207,9.905389
3004208,12.314637
3004209,7.043879
3004210,112.4701
3004211,12.031489
3004212,538.99133
3004213,284.58508
3004214,6.9356284
3004215,1.4004993
3004216,683.2727
3004217,130.28227
3004218,4136.239
3004219,1.6395192
3004220,46.635033
3004221,31.161768
3004222,0.0
3004223,37.114437
3004224,3415.5144
3004225,0.0
3004226,753.0018
3004227,27.050922
3004228,853.8506
3004229,995.6108
3004230,347.92917
3004231,97.7054
3004232,94.97581
3004233,5467.8525
3004234,51.009182
3004235,48.825104
3004236,51.96233
3004237,80.61158
3004238,23.09706
3004239,211.08736
3004240,42.599564
3004241,45.320847
3004242,33.590416
3004243,114.59571
3004244,39.284225
3004245,191.20247
3004246,375.34866
3004247,43.41468
3004248,35.702297
3004249,113.865234
3004250,112.51541
3004251,3536.1003
3004252,39.50463
3004253,57.89288
3004254,28.86791
3004255,27.580872
3004256,34.82055
3004257,1870.6841
3004258,28.224895
3004259,453.82077
3004260,26.57801
3004261,845.3442
3004262,597.9144
3004263,217.38052
3004264,95.41145
3004265,92.08195
3004266,3073.987
3004267,38.49326
3004268,24.53133
3004269,49.66847
3004270,3.3367748
3004271,22.478893
3004272,207.26031
3004273,23.813347
3004274,27.350292
3004275,21.215664
3004276,51.519596
3004277,25.283054
3004278,256.44037
3004279,197.73595
3004280,30.591438
3004281,23.731089
3004282,111.571365
3004283,110.221466
3004284,1209.0175
3004285,37.210735
3004286,43.437347
3004287,12.915607
3004288,11.628563
3004289,18.868254
3004290,2603.1047
3004291,0.0
3004292,178.94675
3004293,10.625697
3004294,864.43475
3004295,146.57356
3004296,148.28186
3004297,81.74658
3004298,30.088276
3004299,3120.0693
3004300,22.540977
3004301,8.579021
3004302,0.0
3004303,29.184414
3004304,6.526593
3004305,107.64021
3004306,0.0
3004307,0.0
3004308,5.2633553
3004309,17.08219
3004310,9.330755
3004311,163.06375
3004312,77.40058
3004313,14.6391325
3004314,7.778778
3004315,54.334385
3004316,94.26916
3004317,409.1365
3004318,21.25845
3004319,27.48507
3004320,8.897023
3004321,0.0
3004322,0.0
3004323,3021.3193
3004324,0.0
3004325,491.18665
3004326,11.247078
3004327,860.76324
3004328,752.7074
3004329,240.16904
3004330,172.55486
3004331,170.04018
3004332,3804.1597
3004333,22.467724
3004334,0.0
3004335,7.2358623
3004336,0.6133324
3004337,0.0
3004338,219.61664
3004339,11.850392
3004340,3.2109208
3004341,0.0
3004342,42.644104
3004343,0.0
3004344,403.61578
3004345,224.90266
3004346,0.0
3004347,9.508359
3004348,525.51196
3004349,110.22943
3004350,1943.2424
3004351,0.0
3004352,26.081125
3004353,24.279964
3004354,9.578919
3004355,7.963507
3004356,2721.0276
3004357,6.5271525
3004358,629.7996
3004359,26.63002
3004360,624.1664
3004361,1143.533
3004362,157.86188
3004363,235.8892
3004364,180.24638
3004365,2774.2854
3004366,37.85066
3004367,13.531095
3004368,50.681072
3004369,22.584917
3004370,11.525641
3004371,198.3395
3004372,27.233334
3004373,18.593857
3004374,28.707386
3004375,130.66045
3004376,13.971591
3004377,436.8672
3004378,220.93192
3004379,14.8176775
3004380,24.891304
3004381,540.8949
3004382,151.33818
3004383,3980.5745
3004384,9.201072
3004385,38.458004
3004386,23.46597
3004387,6.008943
3004388,7.149519
3004389,2599.7888
3004390,2.92905
3004391,685.0338
3004392,25.816027
3004393,707.83813
3004394,1197.6545
3004395,225.11215
3004396,230.26192
3004397,148.20753
3004398,3058.5037
3004399,37.036655
3004400,12.717109
3004401,50.690197
3004402,23.688293
3004403,10.711644
3004404,228.58049
3004405,26.41934
3004406,17.779863
3004407,27.893393
3004408,115.30105
3004409,9.050391
3004410,417.8712
3004411,241.78448
3004412,14.003692
3004413,24.07731
3004414,515.51373
3004415,159.99413
3004416,3468.7659
3004417,8.387082
3004418,37.474586
3004419,11.883623
3004420,0.0
3004421,0.0
3004422,2671.5776
3004423,0.0
3004424,540.5265
3004425,14.233679
3004426,1166.2372
3004427,610.065
3004428,503.96832
3004429,111.14669
3004430,73.55916
3004431,5381.4634
3004432,25.454315
3004433,1.1347482
3004434,39.107834
3004435,0.0
3004436,0.0
3004437,346.6799
3004438,14.836995
3004439,6.1975074
3004440,5.121451
3004441,68.18098
3004442,0.0
3004443,445.43372
3004444,343.2983
3004445,2.421329
3004446,12.494964
3004447,402.0652
3004448,73.03224
3004449,985.78674
3004450,68.23531
3004451,25.89224
3004452,7.7745724
3004453,0.0
3004454,0.0
3004455,1986.7307
3004456,3.2392282
3004457,478.77
3004458,11.60034
3004459,610.67377
3004460,744.5211
3004461,144.577
3004462,172.53271
3004463,154.84879
3004464,2776.0737
3004465,23.733368
3004466,0.0
3004467,29.685379
3004468,25.47379
3004469,5.0279717
3004470,220.84752
3004471,10.724041
3004472,6.615515
3004473,3.6826906
3004474,149.22935
3004475,8.728808
3004476,741.0187
3004477,191.20451
3004478,7.7410917
3004479,7.199458
3004480,446.84476
3004481,103.072586
3004482,2105.866
3004483,4.088619
3004484,27.131226
3004485,0.0
3004486,0.0
3004487,0.0
3004488,1079.7704
3004489,0.0
3004490,151.74956
3004491,0.0
3004492,558.6133
3004493,197.2255
3004494,233.18872
3004495,33.908947
3004496,42.604565
3004497,1745.9286
3004498,0.0
3004499,0.0
3004500,0.0
3004501,0.0
3004502,0.0
3004503,95.762665
3004504,0.0
3004505,0.0
3004506,0.0
3004507,0.0
3004508,0.0
3004509,249.02324
3004510,58.315434
3004511,0.0
3004512,0.0
3004513,0.0
3004514,41.087467
3004515,347.52936
3004516,0.0
3004517,0.0
3004518,8.7050905
3004519,6.0548873
3004520,48.930622
3004521,4306.526
3004522,0.0
3004523,613.4305
3004524,15.791399
3004525,1611.1008
3004526,647.75885
3004527,543.4008
3004528,139.74043
3004529,81.260315
3004530,5889.5283
3004531,33.40936
3004532,6.3437037
3004533,87.15287
3004534,65.70886
3004535,0.0
3004536,412.4226
3004537,15.804577
3004538,25.45722
3004539,24.26605
3004540,133.3528
3004541,15.074163
3004542,541.3672
3004543,446.3878
3004544,0.0
3004545,24.282492
3004546,631.2677
3004547,88.91907
3004548,927.19037
3004549,165.79259
3004550,33.847282
3004551,0.0
3004552,0.89781356
3004553,0.0
3004554,1295.0187
3004555,0.0
3004556,158.70264
3004557,2.2142847
3004558,728.7202
3004559,342.27747
3004560,229.72313
3004561,61.48617
3004562,63.87159
3004563,2445.5774
3004564,8.4367285
3004565,0.0
3004566,32.780796
3004567,12.822016
3004568,0.0
3004569,173.44568
3004570,0.0
3004571,0.4846032
3004572,0.0
3004573,0.0
3004574,1.5475056
3004575,153.60753
3004576,161.71788
3004577,2.4515455
3004578,0.0
3004579,172.61469
3004580,62.2594
3004581,223.79169
3004582,0.0
3004583,8.874649
3004584,0.0
3004585,0.0
3004586,0.81147563
3004587,1330.3804
3004588,0.0
3004589,139.05435
3004590,0.0
3004591,742.7845
3004592,284.33588
3004593,199.82817
3004594,40.454693
3004595,58.301178
3004596,2364.4443
3004597,5.8821983
3004598,0.0
3004599,30.226269
3004600,0.0
3004601,0.0
3004602,152.63118
3004603,0.0
3004604,0.0
3004605,0.0
3004606,0.0
3004607,0.0
3004608,151.05302
3004609,133.37321
3004610,0.0
3004611,0.0
3004612,81.43762
3004613,59.70487
3004614,217.72394
3004615,0.0
3004616,6.32012
3004617,3.4498112
3004618,5.181173
3004619,0.0
3004620,1308.1796
3004621,0.0
3004622,134.46661
3004623,6.497647
3004624,1029.1252
3004625,330.4278
3004626,323.4775
3004627,41.70381
3004628,64.62851
3004629,2537.7134
3004630,12.7200985
3004631,2.5623283
3004632,37.064167
3004633,0.0
3004634,2.1974587
3004635,196.65672
3004636,3.7007473
3004637,0.0
3004638,3.5767968
3004639,0.0
3004640,3.7205627
3004641,216.34332
3004642,225.60857
3004643,6.7349076
3004644,3.593238
3004645,152.7287
3004646,66.54279
3004647,313.45865
3004648,3.9011729
3004649,13.158015
3004650,2.3680117
3004651,4.099372
3004652,6.5675616
3004653,1641.2358
3004654,0.0
3004655,129.13788
3004656,5.4158473
3004657,819.8593
3004658,323.26654
3004659,312.3939
3004660,54.87558
3004661,63.54667
3004662,2512.2124
3004663,11.6383
3004664,1.4805305
3004665,0.0
3004666,16.023586
3004667,1.1156591
3004668,196.79472
3004669,0.0
3004670,3.686168
3004671,2.494997
3004672,37.049274
3004673,2.6387641
3004674,129.09993
3004675,172.72655
3004676,5.653106
3004677,2.5114384
3004678,149.61536
3004679,53.653385
3004680,537.6177
3004681,0.0
3004682,12.076217
3004683,0.0
3004684,0.0
3004685,0.0
3004686,1250.3168
3004687,0.0
3004688,116.40723
3004689,0.0
3004690,736.9729
3004691,253.61287
3004692,197.31586
3004693,88.362015
3004694,51.303448
3004695,1765.2974
3004696,0.0
3004697,0.0
3004698,0.0
3004699,3.7803614
3004700,0.0
3004701,124.145004
3004702,0.0
3004703,0.0
3004704,0.0
3004705,0.0
3004706,0.0
3004707,121.61306
3004708,117.53974
3004709,0.0
3004710,0.0
3004711,82.6412
3004712,51.190453
3004713,157.79045
3004714,0.0
3004715,0.0
3004716,11.185107
3004717,12.916473
3004718,45.42793
3004719,2724.8416
3004720,0.0
3004721,321.30746
3004722,14.2329445
3004723,991.7309
3004724,595.0596
3004725,428.5706
3004726,179.36336
3004727,73.14707
3004728,3688.7354
3004729,20.455402
3004730,10.297621
3004731,51.82161
3004732,24.840687
3004733,9.932753
3004734,313.70078
3004735,11.436043
3004736,12.503267
3004737,11.312092
3004738,121.6104
3004739,4.7966127
3004740,184.21605
3004741,280.99503
3004742,14.4702
3004743,11.328533
3004744,315.6616
3004745,59.330097
3004746,294.57007
3004747,102.217415
3004748,20.893318
3004749,0.0
3004750,0.0
3004751,0.0
3004752,1986.245
3004753,0.0
3004754,464.09918
3004755,0.0
3004756,566.7868
3004757,433.35593
3004758,44.362656
3004759,126.38421
3004760,56.1876
3004761,2290.6917
3004762,3.4959893
3004763,0.0
3004764,0.0
3004765,7.88128
3004766,0.0
3004767,146.80342
3004768,0.0
3004769,0.0
3004770,0.0
3004771,40.10191
3004772,0.0
3004773,118.180214
3004774,170.69554
3004775,0.0
3004776,0.0
3004777,251.15884
3004778,42.734303
3004779,1065.4266
3004780,3.3292224
3004781,3.9339087
3004782,0.0
3004783,0.9530873
3004784,4.0112085
3004785,2239.6292
3004786,0.0
3004787,249.55864
3004788,2.8594809
3004789,1017.10547
3004790,375.06735
3004791,328.84753
3004792,90.928024
3004793,61.773567
3004794,2955.011
3004795,9.081942
3004796,0.0
3004797,27.752172
3004798,13.467234
3004799,0.0
3004800,161.69554
3004801,0.06257941
3004802,1.1298021
3004803,0.0
3004804,62.710735
3004805,0.0
3004806,123.7662
3004807,172.15964
3004808,3.096747
3004809,0.0
3004810,179.57573
3004811,56.928703
3004812,332.32755
3004813,0.26300746
3004814,9.51986
3004815,1.5717013
3004816,0.0
3004817,10.195135
3004818,2884.15
3004819,0.0
3004820,646.8864
3004821,5.3974643
3004822,796.84357
3004823,779.9529
3004824,185.86432
3004825,126.75885
3004826,148.64592
3004827,3499.2334
3004828,16.607803
3004829,0.0
3004830,0.0
3004831,35.143623
3004832,0.0
3004833,276.79062
3004834,4.5211673
3004835,0.4126484
3004836,81.86358
3004837,173.06393
3004838,0.38921425
3004839,872.57007
3004840,265.31665
3004841,1.5382216
3004842,0.0
3004843,609.12555
3004844,112.09638
3004845,2192.7668
3004846,0.0
3004847,38.35471
3004848,21.241047
3004849,22.382484
3004850,37.688183
3004851,3114.6042
3004852,0.0
3004853,405.43192
3004854,24.288883
3004855,1233.9423
3004856,656.7485
3004857,558.41315
3004858,120.863144
3004859,77.016655
3004860,4464.0635
3004861,30.511333
3004862,20.353561
3004863,44.081863
3004864,50.74207
3004865,19.988686
3004866,303.9786
3004867,21.491982
3004868,22.559204
3004869,21.36803
3004870,115.953606
3004871,21.274025
3004872,167.5792
3004873,281.10812
3004874,24.526142
3004875,21.384472
3004876,501.26474
3004877,89.979164
3004878,607.5917
3004879,128.62686
3004880,30.949253
3004881,20.001879
3004882,21.143322
3004883,24.201448
3004884,2702.2673
3004885,0.0
3004886,379.2477
3004887,23.049715
3004888,1132.7601
3004889,571.33466
3004890,256.95096
3004891,154.62022
3004892,88.12894
3004893,3863.4639
3004894,36.52732
3004895,19.114393
3004896,39.9674
3004897,88.63332
3004898,18.749527
3004899,294.66638
3004900,20.252813
3004901,21.320032
3004902,20.128862
3004903,168.35501
3004904,19.340992
3004905,133.20216
3004906,272.9229
3004907,23.286985
3004908,85.53758
3004909,408.9823
3004910,126.33761
3004911,634.0709
3004912,20.453245
3004913,34.85873
3004914,0.0
3004915,0.6978955
3004916,3.7560227
3004917,1491.2926
3004918,0.0
3004919,167.58736
3004920,2.6042922
3004921,752.0771
3004922,288.54276
3004923,161.90508
3004924,55.30503
3004925,72.36578
3004926,2470.4543
3004927,16.081898
3004928,0.0
3004929,27.496984
3004930,0.0
3004931,0.0
3004932,116.91684
3004933,0.0
3004934,0.8746112
3004935,0.0
3004936,0.0
3004937,5.081573
3004938,112.756775
3004939,66.49153
3004940,2.8415568
3004941,0.0
3004942,131.7272
3004943,56.673534
3004944,344.13147
3004945,0.0
3004946,14.413288
3004947,18.236044
3004948,0.0
3004949,0.0
3004950,1368.2672
3004951,18.181255
3004952,289.60538
3004953,21.28388
3004954,545.79834
3004955,496.18515
3004956,102.283775
3004957,82.51494
3004958,95.93324
3004959,2104.478
3004960,34.76149
3004961,17.348568
3004962,46.176548
3004963,0.0
3004964,16.983696
3004965,113.76663
3004966,18.486979
3004967,19.554197
3004968,0.0
3004969,17.860538
3004970,17.326036
3004971,436.16226
3004972,64.378876
3004973,21.521141
3004974,18.379469
3004975,343.4348
3004976,75.35317
3004977,900.2372
3004978,18.68741
3004979,0.0
3004980,46.155727
3004981,43.05944
3004982,50.35527
3004983,3617.2402
3004984,41.929115
3004985,903.6783
3004986,49.20356
3004987,1003.3634
3004988,1261.9867
3004989,554.8142
3004990,393.2721
3004991,255.64883
3004992,3980.4092
3004993,43.73443
3004994,45.26824
3004995,175.76463
3004996,315.24344
3004997,44.903374
3004998,459.4628
3004999,46.40666
3005000,47.473877
3005001,46.282707
3005002,373.368
3005003,41.91587
3005004,834.64606
3005005,556.8935
3005006,49.440834
3005007,46.29915
3005008,888.53424
3005009,98.52789
3005010,3141.5325
3005011,46.607094
3005012,241.38187
3005013,16.09325
3005014,12.99696
3005015,0.0
3005016,2191.0688
3005017,11.866629
3005018,441.0554
3005019,19.14108
3005020,465.39362
3005021,531.5133
3005022,22.060951
3005023,74.5242
3005024,104.90437
3005025,1607.873
3005026,24.73807
3005027,15.205759
3005028,44.03376
3005029,0.0
3005030,14.840895
3005031,106.33875
3005032,0.0
3005033,17.4114
3005034,16.220232
3005035,175.93532
3005036,19.366838
3005037,359.3487
3005038,107.633255
3005039,19.378338
3005040,16.236673
3005041,305.8668
3005042,72.19182
3005043,1264.7307
3005044,16.54461
3005045,0.0
3005046,5.8625154
3005047,2.766222
3005048,0.0
3005049,1000.8731
3005050,1.6358973
3005051,207.65271
3005052,8.910347
3005053,358.1081
3005054,275.76645
3005055,42.20166
3005056,0.0
3005057,93.14287
3005058,1416.9998
3005059,14.507351
3005060,4.9750333
3005061,33.80305
3005062,19.518103
3005063,4.6101637
3005064,90.00395
3005065,6.1134505
3005066,7.1806717
3005067,5.9895
3005068,0.0
3005069,9.136104
3005070,229.92691
3005071,41.973022
3005072,9.147615
3005073,6.005941
3005074,40.807236
3005075,61.96112
3005076,504.71228
3005077,6.3138824
3005078,0.0
3005079,29.491495
3005080,26.395193
3005081,44.016212
3005082,2903.9011
3005083,16.703112
3005084,646.9163
3005085,32.53932
3005086,788.38116
3005087,824.8501
3005088,148.87578
3005089,251.46196
3005090,111.040344
3005091,3205.5771
3005092,37.735245
3005093,28.60401
3005094,65.17166
3005095,41.304966
3005096,28.239134
3005097,205.92357
3005098,29.742426
3005099,30.809645
3005100,29.618475
3005101,189.5278
3005102,21.819681
3005103,459.4022
3005104,229.60475
3005105,32.77659
3005106,29.634916
3005107,470.82526
3005108,85.590065
3005109,2286.0247
3005110,29.942854
3005111,0.0
3005112,20.691034
3005113,17.594751
3005114,10.128878
3005115,3035.976
3005116,0.0
3005117,581.21075
3005118,23.73887
3005119,981.0554
3005120,727.83057
3005121,381.91827
3005122,216.15033
3005123,92.59564
3005124,3958.5518
3005125,28.934778
3005126,19.803553
3005127,56.37117
3005128,32.5045
3005129,19.43868
3005130,205.25737
3005131,0.0
3005132,22.009188
3005133,20.818018
3005134,117.024086
3005135,13.019221
3005136,192.54951
3005137,251.09491
3005138,23.976122
3005139,20.83446
3005140,338.35245
3005141,88.79022
3005142,774.3617
3005143,21.14239
3005144,30.43994
3005145,6.750763
3005146,11.526288
3005147,55.54221
3005148,2592.932
3005149,0.0
3005150,521.8434
3005151,9.798595
3005152,770.29724
3005153,534.6247
3005154,229.86064
3005155,206.213
3005156,76.37672
3005157,3384.2932
3005158,20.048914
3005159,11.280316
3005160,46.433918
3005161,24.056307
3005162,5.498419
3005163,212.42953
3005164,0.0
3005165,8.068922
3005166,6.8777485
3005167,126.5224
3005168,5.7799835
3005169,141.0165
3005170,241.54822
3005171,10.035859
3005172,6.89419
3005173,221.28468
3005174,91.31273
3005175,859.23566
3005176,7.202132
3005177,16.499681
3005178,48.232887
3005179,18.345903
3005180,93.704895
3005181,7637.74
3005182,21.919424
3005183,1295.9467
3005184,58.183495
3005185,1820.1526
3005186,1931.0796
3005187,409.12976
3005188,498.00192
3005189,298.77667
3005190,7529.5156
3005191,85.55242
3005192,38.203377
3005193,101.49393
3005194,108.53216
3005195,24.442299
3005196,580.3929
3005197,60.6464
3005198,73.30439
3005199,189.71826
3005200,519.19635
3005201,39.94796
3005202,1267.1396
3005203,568.70874
3005204,28.005648
3005205,54.06034
3005206,1585.4015
3005207,272.64017
3005208,6807.814
3005209,36.881496
3005210,262.69437
3005211,0.0
3005212,0.8518148
3005213,15.777855
3005214,1427.7391
3005215,0.0
3005216,215.18222
3005217,0.0
3005218,516.0583
3005219,329.3427
3005220,189.24365
3005221,122.70387
3005222,65.70223
3005223,1877.2987
3005224,9.37445
3005225,0.6058345
3005226,24.016817
3005227,0.0
3005228,0.0
3005229,108.43905
3005230,0.0
3005231,0.0
3005232,0.0
3005233,0.0
3005234,0.0
3005235,109.88499
3005236,124.09216
3005237,0.0
3005238,0.0
3005239,61.31801
3005240,52.17488
3005241,348.97607
3005242,0.0
3005243,5.825197
3005244,30.420065
3005245,20.32987
3005246,15.496159
3005247,2642.473
3005248,0.0
3005249,444.7796
3005250,33.4679
3005251,1249.299
3005252,678.2053
3005253,383.90497
3005254,247.1435
3005255,101.528046
3005256,3692.3167
3005257,32.023
3005258,34.949615
3005259,73.32634
3005260,45.513577
3005261,29.167719
3005262,296.88754
3005263,30.671
3005264,31.738224
3005265,30.547049
3005266,148.08841
3005267,29.449286
3005268,253.15906
3005269,309.30823
3005270,33.70517
3005271,30.56349
3005272,263.3741
3005273,125.42656
3005274,752.4537
3005275,30.871424
3005276,45.053757
3005277,0.0
3005278,0.0
3005279,4.892881
3005280,1090.3805
3005281,0.0
3005282,116.89594
3005283,0.0
3005284,570.0141
3005285,116.861465
3005286,92.52634
3005287,14.942081
3005288,55.536366
3005289,1637.0972
3005290,0.0
3005291,0.0
3005292,12.368897
3005293,0.0
3005294,0.0
3005295,10.196486
3005296,0.0
3005297,0.0
3005298,0.0
3005299,0.0
3005300,0.0
3005301,149.53612
3005302,1.0646423
3005303,0.0
3005304,0.0
3005305,0.0
3005306,40.52696
3005307,86.95787
3005308,0.0
3005309,0.0
3005310,19.392984
3005311,12.442761
3005312,16.400219
3005313,1804.565
3005314,0.0
3005315,355.0084
3005316,22.44082
3005317,834.88074
3005318,479.24414
3005319,268.25995
3005320,182.4682
3005321,90.50095
3005322,2814.082
3005323,22.275944
3005324,14.034345
3005325,16.476974
3005326,34.486504
3005327,18.14063
3005328,213.7435
3005329,0.0
3005330,20.71114
3005331,19.51997
3005332,102.50865
3005333,18.422201
3005334,212.35085
3005335,235.50146
3005336,22.678078
3005337,19.536411
3005338,245.43433
3005339,61.01798
3005340,763.8897
3005341,19.844343
3005342,29.141878
3005343,24.723207
3005344,17.77299
3005345,8.221197
3005346,2840.6125
3005347,0.0
3005348,666.2523
3005349,27.771042
3005350,814.16473
3005351,616.20667
3005352,189.4777
3005353,187.79845
3005354,103.65177
3005355,3837.7869
3005356,27.606165
3005357,19.364561
3005358,52.663734
3005359,32.117382
3005360,23.470856
3005361,235.32877
3005362,24.974142
3005363,26.04136
3005364,24.850191
3005365,86.554344
3005366,23.59804
3005367,200.22957
3005368,278.00366
3005369,28.008305
3005370,24.866632
3005371,197.85529
3005372,64.37271
3005373,399.55548
3005374,25.174564
3005375,34.47212
3005376,0.0
3005377,0.0
3005378,0.0
3005379,1518.7227
3005380,0.0
3005381,100.89521
3005382,0.0
3005383,479.96423
3005384,179.71156
3005385,109.70617
3005386,126.580826
3005387,67.04998
3005388,1852.9685
3005389,0.38282633
3005390,0.0
3005391,14.897116
3005392,2.0501144
3005393,0.0
3005394,58.48327
3005395,0.0
3005396,0.0
3005397,0.0
3005398,0.0
3005399,0.0
3005400,186.75066
3005401,53.823673
3005402,0.0
3005403,0.0
3005404,28.41417
3005405,51.347065
3005406,308.9154
3005407,0.0
3005408,0.0
3005409,13.289357
3005410,3.1927824
3005411,9.492041
3005412,2827.1255
3005413,0.0
3005414,475.76773
3005415,16.33719
3005416,851.90283
3005417,614.98944
3005418,211.90723
3005419,181.2946
3005420,112.49352
3005421,3717.954
3005422,22.540447
3005423,11.328506
3005424,20.294727
3005425,38.34899
3005426,12.037005
3005427,245.17586
3005428,13.540293
3005429,14.607505
3005430,13.416342
3005431,116.97489
3005432,10.376123
3005433,192.75035
3005434,234.67311
3005435,13.137659
3005436,13.432783
3005437,222.39417
3005438,64.42535
3005439,1096.4554
3005440,13.740721
3005441,17.377684
3005442,28.13678
3005443,18.040195
3005444,39.293766
3005445,2714.8533
3005446,19.171738
3005447,580.05524
3005448,29.650356
3005449,903.5427
3005450,887.962
3005451,156.55357
3005452,181.59718
3005453,132.5738
3005454,3341.2214
3005455,37.38785
3005456,18.822887
3005457,56.07728
3005458,43.32733
3005459,23.010868
3005460,253.22368
3005461,28.387714
3005462,29.454926
3005463,28.263763
3005464,154.98654
3005465,25.223537
3005466,387.42404
3005467,251.75609
3005468,25.421225
3005469,28.280205
3005470,293.082
3005471,105.52851
3005472,2447.1836
3005473,20.621628
3005474,34.41617
3005475,17.37797
3005476,7.303648
3005477,28.615515
3005478,2688.9841
3005479,11.968851
3005480,537.42346
3005481,20.456203
3005482,890.86865
3005483,732.2539
3005484,113.84895
3005485,96.88674
3005486,135.09573
3005487,3136.2402
3005488,40.06471
3005489,8.064073
3005490,20.135452
3005491,39.979492
3005492,12.252054
3005493,270.3578
3005494,17.628906
3005495,18.696129
3005496,17.504955
3005497,126.19834
3005498,14.464738
3005499,284.7092
3005500,289.06738
3005501,14.684679
3005502,17.521397
3005503,227.78569
3005504,95.67874
3005505,1899.3546
3005506,9.862797
3005507,0.0
3005508,24.754202
3005509,14.679883
3005510,20.956877
3005511,3867.373
3005512,0.0
3005513,666.20197
3005514,27.832434
3005515,1306.1667
3005516,692.29736
3005517,259.41312
3005518,276.2329
3005519,105.691734
3005520,4930.17
3005521,34.914326
3005522,15.440305
3005523,52.69472
3005524,42.72313
3005525,19.628283
3005526,309.6557
3005527,25.005136
3005528,26.072355
3005529,56.520737
3005530,106.98499
3005531,21.840967
3005532,399.33496
3005533,314.3364
3005534,22.060911
3005535,24.897627
3005536,283.2553
3005537,93.41535
3005538,1342.3705
3005539,46.076046
3005540,28.842533
3005541,0.0
3005542,0.0
3005543,0.0
3005544,2317.494
3005545,5.359153
3005546,380.36734
3005547,7.8086276
3005548,682.8621
3005549,587.9948
3005550,145.74347
3005551,0.0
3005552,167.23738
3005553,3045.7446
3005554,12.766185
3005555,0.0
3005556,0.0
3005557,0.0
3005558,1.9353056
3005559,147.56476
3005560,0.0
3005561,0.0
3005562,1.0490186
3005563,39.047867
3005564,3.27673
3005565,449.48227
3005566,163.52531
3005567,3.3652053
3005568,0.0
3005569,472.03537
3005570,97.95397
3005571,2124.5344
3005572,0.0
3005573,8.843724
3005574,9.393334
3005575,0.0
3005576,28.235147
3005577,4426.8535
3005578,0.0
3005579,477.25095
3005580,12.47157
3005581,1558.3944
3005582,602.7945
3005583,703.1669
3005584,188.51953
3005585,90.330864
3005586,5660.0215
3005587,19.553465
3005588,5.7907577
3005589,37.33385
3005590,24.491018
3005591,4.2674212
3005592,298.94962
3005593,0.0
3005594,10.71149
3005595,9.520322
3005596,98.034164
3005597,6.4801
3005598,158.42844
3005599,310.6622
3005600,6.700048
3005601,9.536763
3005602,263.33038
3005603,68.611755
3005604,1013.2074
3005605,1.8781725
3005606,13.481662
3005607,22.455511
3005608,22.335238
3005609,25.06409
3005610,2767.9258
3005611,13.177925
3005612,544.68964
3005613,25.533743
3005614,843.5286
3005615,642.7728
3005616,200.20316
3005617,249.49458
3005618,138.22702
3005619,3020.8953
3005620,38.556137
3005621,18.85293
3005622,50.396015
3005623,38.093945
3005624,17.32959
3005625,211.40094
3005626,22.706446
3005627,23.773668
3005628,22.582495
3005629,114.17471
3005630,19.54227
3005631,243.97737
3005632,276.3731
3005633,19.762222
3005634,22.598936
3005635,231.53642
3005636,81.673935
3005637,1792.8687
3005638,14.940353
3005639,0.0
3005640,0.8844512
3005641,18.950998
3005642,69.44739
3005643,2840.6892
3005644,0.38189608
3005645,561.83405
3005646,14.72518
3005647,717.90765
3005648,755.62164
3005649,216.0506
3005650,272.10562
3005651,100.02555
3005652,2763.915
3005653,28.840933
3005654,18.220934
3005655,51.308598
3005656,71.15268
3005657,9.535353
3005658,276.7359
3005659,13.705389
3005660,12.448574
3005661,1.0114336
3005662,220.02043
3005663,8.695961
3005664,379.64886
3005665,294.30847
3005666,13.594769
3005667,1.027875
3005668,324.1231
3005669,73.30473
3005670,2582.02
3005671,19.557556
3005672,86.2756
3005673,8.136762
3005674,14.467457
3005675,12.34346
3005676,3928.0186
3005677,0.0
3005678,524.7064
3005679,9.730566
3005680,1007.48724
3005681,641.44135
3005682,59.024696
3005683,195.05522
3005684,107.27786
3005685,3909.0356
3005686,22.46388
3005687,13.733416
3005688,36.07729
3005689,23.775215
3005690,9.6621895
3005691,213.45638
3005692,0.0
3005693,19.700867
3005694,8.263745
3005695,100.682014
3005696,15.948266
3005697,183.96228
3005698,220.03416
3005699,12.813982
3005700,8.280187
3005701,244.20474
3005702,74.17943
3005703,1146.8855
3005704,19.705439
3005705,33.098053
3005706,63.179405
3005707,0.0
3005708,111.7474
3005709,8876.838
3005710,41.13425
3005711,1606.3488
3005712,68.26451
3005713,2125.461
3005714,2548.4424
3005715,519.85815
3005716,570.53577
3005717,428.10486
3005718,9202.494
3005719,88.149796
3005720,24.756096
3005721,160.53001
3005722,189.66748
3005723,35.79633
3005724,658.8154
3005725,221.33063
3005726,47.899895
3005727,237.29019
3005728,571.27026
3005729,50.7441
3005730,1582.2732
3005731,569.28265
3005732,51.502106
3005733,78.90827
3005734,1694.1799
3005735,354.52444
3005736,8912.502
3005737,429.6171
3005738,161.44437
3005739,48.176895
3005740,0.0
3005741,84.91565
3005742,7778.4883
3005743,22.358284
3005744,1364.5076
3005745,52.714294
3005746,2082.6677
3005747,2094.4934
3005748,709.61176
3005749,343.01617
3005750,410.94745
3005751,9315.417
3005752,81.23851
3005753,15.641187
3005754,74.99235
3005755,177.87134
3005756,30.126072
3005757,666.3271
3005758,173.26057
3005759,39.51067
3005760,298.36404
3005761,425.61502
3005762,35.19394
3005763,1899.0992
3005764,616.6521
3005765,41.60684
3005766,63.358047
3005767,1656.6239
3005768,315.46838
3005769,5968.8164
3005770,417.93677
3005771,113.37395
3005772,0.0
3005773,0.0
3005774,0.0
3005775,4981.7095
3005776,0.0
3005777,970.8823
3005778,0.0
3005779,1831.258
3005780,1439.2855
3005781,665.43787
3005782,35.386963
3005783,288.2735
3005784,7990.748
3005785,16.54795
3005786,0.0
3005787,0.0
3005788,0.0
3005789,0.0
3005790,537.46045
3005791,0.0
3005792,0.0
3005793,59.89974
3005794,150.40086
3005795,0.0
3005796,1623.4459
3005797,598.404
3005798,0.0
3005799,0.0
3005800,1226.2349
3005801,177.29327
3005802,2204.524
3005803,191.8702
3005804,0.0
3005805,25.947903
3005806,0.0
3005807,102.98729
3005808,7615.5815
3005809,9.224726
3005810,1261.0615
3005811,31.683676
3005812,1985.8854
3005813,2041.8658
3005814,736.22406
3005815,386.04477
3005816,258.49225
3005817,8673.92
3005818,54.59887
3005819,19.763746
3005820,55.24658
3005821,174.24222
3005822,15.276145
3005823,656.80695
3005824,190.74342
3005825,26.856726
3005826,201.43402
3005827,448.52188
3005828,22.548285
3005829,1558.7567
3005830,760.8227
3005831,8.920088
3005832,27.449514
3005833,1439.9165
3005834,232.27138
3005835,4931.236
3005836,498.13937
3005837,144.04008
3005838,0.0
3005839,0.0
3005840,0.0
3005841,4053.2002
3005842,0.0
3005843,797.87103
3005844,0.0
3005845,1664.1384
3005846,1028.97
3005847,406.4663
3005848,0.0
3005849,235.5463
3005850,6263.1763
3005851,14.547499
3005852,0.0
3005853,0.0
3005854,0.0
3005855,0.0
3005856,482.24332
3005857,38.115788
3005858,0.0
3005859,0.0
3005860,181.03653
3005861,0.0
3005862,1375.4116
3005863,569.8857
3005864,0.0
3005865,0.0
3005866,933.5468
3005867,151.09573
3005868,1376.2557
3005869,202.47853
3005870,0.0
3005871,34.78391
3005872,0.0
3005873,72.57362
3005874,6846.793
3005875,21.111313
3005876,1423.8406
3005877,40.519688
3005878,1640.1329
3005879,2246.2024
3005880,459.09073
3005881,500.32788
3005882,332.71133
3005883,6947.8354
3005884,63.434914
3005885,28.599777
3005886,64.08264
3005887,161.98877
3005888,18.751842
3005889,559.8942
3005890,33.28349
3005891,35.692734
3005892,58.514355
3005893,449.47733
3005894,31.384329
3005895,1498.0487
3005896,518.0676
3005897,21.241142
3005898,36.285526
3005899,1396.4948
3005900,263.55615
3005901,6875.075
3005902,443.79596
3005903,189.42697
3005904,0.0
3005905,0.0
3005906,0.0
3005907,1995.3611
3005908,0.0
3005909,357.81842
3005910,1.3184249
3005911,764.40015
3005912,461.9877
3005913,198.78456
3005914,0.0
3005915,126.36684
3005916,2582.439
3005917,6.2759943
3005918,0.0
3005919,0.0
3005920,0.0
3005921,0.0
3005922,113.53863
3005923,0.0
3005924,0.0
3005925,0.0
3005926,0.36724463
3005927,0.0
3005928,288.7477
3005929,158.55579
3005930,0.0
3005931,0.0
3005932,298.30615
3005933,91.463806
3005934,1410.3398
3005935,0.0
3005936,0.0
3005937,0.0
3005938,0.0
3005939,36.455322
3005940,4203.3413
3005941,0.0
3005942,759.4175
3005943,4.5684767
3005944,1415.006
3005945,1103.785
3005946,387.39694
3005947,111.02527
3005948,212.65073
3005949,5756.72
3005950,27.483713
3005951,0.0
3005952,18.253521
3005953,80.68939
3005954,0.0
3005955,397.70767
3005956,48.561512
3005957,0.0
3005958,0.0
3005959,300.6949
3005960,0.0
3005961,897.1819
3005962,508.4182
3005963,0.0
3005964,0.3343171
3005965,560.22034
3005966,126.22915
3005967,1987.2926
3005968,339.8649
3005969,0.0
3005970,32.126976
3005971,0.0
3005972,61.30317
3005973,4682.8604
3005974,23.178915
3005975,1010.0289
3005976,37.862747
3005977,1401.4756
3005978,1721.0428
3005979,438.8606
3005980,481.50647
3005981,306.72446
3005982,5085.607
3005983,48.330265
3005984,25.942833
3005985,61.42566
3005986,114.98938
3005987,18.50384
3005988,391.513
3005989,30.626554
3005990,33.035797
3005991,27.765041
3005992,283.8623
3005993,28.727377
3005994,1206.6365
3005995,444.09625
3005996,24.145842
3005997,33.628586
3005998,2952.5278
3005999,162.18279
3006000,4562.092
3006001,18.326458
3006002,17.730526
3006003,35.062473
3006004,0.0
3006005,152.12509
3006006,4083.9666
3006007,0.0
3006008,930.8474
3006009,30.951612
3006010,1031.3895
3006011,1124.3413
3006012,477.87598
3006013,624.3989
3006014,299.46176
3006015,5867.204
3006016,54.909874
3006017,52.72579
3006018,158.18852
3006019,159.3964
3006020,26.99777
3006021,339.8145
3006022,46.500267
3006023,49.221523
3006024,37.491116
3006025,297.56256
3006026,39.159622
3006027,1146.1489
3006028,525.5951
3006029,47.82361
3006030,39.603
3006031,948.8438
3006032,116.4161
3006033,3987.7048
3006034,39.37108
3006035,59.722446
3006036,32.768593
3006037,27.45627
3006038,38.721222
3006039,2560.9966
3006040,32.12558
3006041,628.52405
3006042,30.478691
3006043,1080.3822
3006044,754.6057
3006045,155.99937
3006046,225.66899
3006047,97.465614
3006048,3365.2205
3006049,42.39395
3006050,28.432009
3006051,53.56917
3006052,49.03739
3006053,26.379583
3006054,320.78497
3006055,27.714035
3006056,31.250975
3006057,25.116352
3006058,205.82077
3006059,25.158463
3006060,546.5582
3006061,354.2342
3006062,35.000355
3006063,27.631777
3006064,495.3132
3006065,114.12214
3006066,1598.8817
3006067,37.077187
3006068,0.0
3006069,16.816292
3006070,11.503961
3006071,22.768936
3006072,3043.5955
3006073,0.0
3006074,310.35388
3006075,14.526389
3006076,1088.4626
3006077,300.56668
3006078,448.9701
3006079,131.70279
3006080,25.836561
3006081,3225.5852
3006082,26.441677
3006083,12.4797
3006084,0.0
3006085,33.08511
3006086,10.427274
3006087,205.70934
3006088,0.0
3006089,0.0
3006090,9.164042
3006091,53.448704
3006092,9.206157
3006093,90.870026
3006094,184.10771
3006095,19.048069
3006096,11.679465
3006097,219.25082
3006098,98.169846
3006099,227.49823
3006100,21.124899
3006101,31.385775
3006102,12.176973
3006103,0.0
3006104,10.92217
3006105,3374.6318
3006106,0.0
3006107,560.4878
3006108,14.52703
3006109,949.4866
3006110,751.2848
3006111,266.88864
3006112,89.22101
3006113,190.64769
3006114,4316.458
3006115,25.747679
3006116,2.7786317
3006117,10.515819
3006118,0.0
3006119,0.0
3006120,269.27194
3006121,15.13034
3006122,6.4908757
3006123,50.969696
3006124,151.8627
3006125,1.6803684
3006126,649.95337
3006127,268.46024
3006128,1.4817972
3006129,12.788314
3006130,701.97833
3006131,113.50938
3006132,2305.0437
3006133,0.0
3006134,29.369194
3006135,23.517008
3006136,8.627728
3006137,14.890515
3006138,4063.726
3006139,5.7641964
3006140,726.49963
3006141,25.867064
3006142,943.3179
3006143,1226.1925
3006144,70.414696
3006145,270.6749
3006146,231.16331
3006147,3858.363
3006148,37.087734
3006149,12.768143
3006150,8.644341
3006151,44.511715
3006152,10.762687
3006153,255.96442
3006154,26.470377
3006155,17.830898
3006156,27.94443
3006157,222.74515
3006158,13.020399
3006159,705.6352
3006160,271.13693
3006161,22.289711
3006162,41.204952
3006163,743.5703
3006164,158.14601
3006165,4703.2983
3006166,8.635779
3006167,55.42992
3006168,32.027523
3006169,14.382268
3006170,30.210583
3006171,4411.7983
3006172,11.490615
3006173,837.1385
3006174,34.377575
3006175,1100.1375
3006176,1364.5985
3006177,154.89267
3006178,245.90227
3006179,174.09663
3006180,4494.5513
3006181,45.598232
3006182,21.278667
3006183,59.251755
3006184,54.466938
3006185,19.27321
3006186,350.98004
3006187,34.98088
3006188,26.34143
3006189,53.524845
3006190,173.30305
3006191,17.423714
3006192,768.4529
3006193,372.3039
3006194,13.646043
3006195,32.63886
3006196,789.9394
3006197,176.12648
3006198,4270.826
3006199,17.1463
3006200,74.30382
3006201,6.7096167
3006202,0.0
3006203,0.0
3006204,3004.3848
3006205,0.0
3006206,561.2018
3006207,9.059672
3006208,1247.2661
3006209,649.0749
3006210,466.65704
3006211,135.55281
3006212,77.79436
3006213,5515.308
3006214,20.28031
3006215,0.0
3006216,0.0
3006217,17.567514
3006218,0.0
3006219,352.13495
3006220,9.662988
3006221,1.0234993
3006222,15.94982
3006223,154.34508
3006224,0.0
3006225,310.6108
3006226,364.58545
3006227,0.0
3006228,7.320957
3006229,392.07874
3006230,63.62988
3006231,1211.3966
3006232,85.61001
3006233,20.718243
3006234,0.0
3006235,0.0
3006236,0.0
3006237,1926.079
3006238,0.0
3006239,417.6493
3006240,0.0
3006241,566.55304
3006242,619.1848
3006243,117.530045
3006244,164.17918
3006245,177.34164
3006246,1997.529
3006247,10.860447
3006248,0.0
3006249,0.0
3006250,0.0
3006251,0.0
3006252,169.85054
3006253,0.0
3006254,0.0
3006255,0.0
3006256,92.05278
3006257,0.0
3006258,264.80725
3006259,154.70413
3006260,0.0
3006261,0.0
3006262,299.33762
3006263,91.97886
3006264,1965.1427
3006265,0.0
3006266,13.775271
3006267,0.0
3006268,0.0
3006269,0.0
3006270,971.5938
3006271,0.0
3006272,177.41444
3006273,0.0
3006274,873.3883
3006275,212.87479
3006276,271.7103
3006277,25.981756
3006278,0.0
3006279,2265.0725
3006280,0.0
3006281,0.0
3006282,0.0
3006283,0.0
3006284,0.0
3006285,157.70914
3006286,0.0
3006287,0.0
3006288,0.0
3006289,0.0
3006290,0.0
3006291,261.86194
3006292,115.406845
3006293,0.0
3006294,0.0
3006295,312.75824
3006296,38.413475
3006297,311.13208
3006298,0.0
3006299,0.0
3006300,16.17861
3006301,5.9839015
3006302,21.626741
3006303,5294.343
3006304,0.0
3006305,603.58813
3006306,21.757086
3006307,2144.069
3006308,761.8954
3006309,572.65356
3006310,144.63588
3006311,254.40984
3006312,7283.2197
3006313,40.88289
3006314,13.817209
3006315,69.723885
3006316,58.8635
3006317,12.745188
3006318,488.31845
3006319,23.278097
3006320,32.930744
3006321,31.739573
3006322,245.69914
3006323,6.528625
3006324,451.77567
3006325,519.9149
3006326,12.480402
3006327,31.756014
3006328,461.66104
3006329,63.883472
3006330,890.1796
3006331,199.50256
3006332,104.08595
3006333,0.0
3006334,0.0
3006335,0.0
3006336,1681.351
3006337,0.0
3006338,221.3652
3006339,0.0
3006340,972.11
3006341,438.62473
3006342,255.73885
3006343,52.680237
3006344,41.56211
3006345,3221.7786
3006346,2.2088199
3006347,0.0
3006348,0.0
3006349,0.0
3006350,0.0
3006351,240.18118
3006352,0.0
3006353,0.0
3006354,0.0
3006355,0.0
3006356,0.0
3006357,179.455
3006358,222.31631
3006359,0.0
3006360,0.0
3006361,201.60928
3006362,58.70661
3006363,183.25906
3006364,0.0
3006365,0.0
3006366,0.0
3006367,0.0
3006368,0.0
3006369,1645.2642
3006370,0.0
3006371,136.83875
3006372,0.0
3006373,948.5737
3006374,426.35455
3006375,235.66577
3006376,31.648745
3006377,57.41873
3006378,3404.8506
3006379,0.0
3006380,0.0
3006381,17.801132
3006382,0.0
3006383,0.0
3006384,250.19844
3006385,0.0
3006386,0.0
3006387,0.0
3006388,0.0
3006389,0.0
3006390,176.9005
3006391,230.47847
3006392,0.0
3006393,0.0
3006394,161.00404
3006395,56.15208
3006396,177.19131
3006397,0.0
3006398,0.0
3006399,0.0
3006400,0.0
3006401,0.0
3006402,1970.0115
3006403,0.0
3006404,135.95955
3006405,0.0
3006406,1247.5753
3006407,415.4963
3006408,259.2631
3006409,32.897858
3006410,18.590744
3006411,3203.336
3006412,6.492186
3006413,0.0
3006414,24.639023
3006415,9.633836
3006416,0.0
3006417,260.07092
3006418,0.0
3006419,0.0
3006420,0.0
3006421,73.014206
3006422,0.0
3006423,242.1908
3006424,289.82925
3006425,0.0
3006426,0.0
3006427,173.13976
3006428,62.989983
3006429,272.926
3006430,0.0
3006431,0.0
3006432,0.0
3006433,0.0
3006434,0.0
3006435,1748.8896
3006436,0.0
3006437,133.97238
3006438,0.0
3006439,998.96814
3006440,384.8168
3006441,263.07855
3006442,46.06963
3006443,17.508942
3006444,3199.711
3006445,5.4103856
3006446,0.0
3006447,0.0
3006448,0.0
3006449,0.0
3006450,258.9891
3006451,0.0
3006452,0.0
3006453,0.0
3006454,0.0
3006455,0.0
3006456,154.94742
3006457,217.78178
3006458,0.0
3006459,0.0
3006460,172.05797
3006461,59.88089
3006462,402.79224
3006463,0.0
3006464,0.0
3006465,0.0
3006466,0.0
3006467,0.0
3006468,1646.1328
3006469,0.0
3006470,132.84247
3006471,0.0
3006472,945.5195
3006473,284.0019
3006474,252.75897
3006475,86.74534
3006476,0.0
3006477,2447.16
3006478,0.3564427
3006479,0.0
3006480,18.503286
3006481,3.498092
3006482,0.0
3006483,193.52873
3006484,0.0
3006485,0.0
3006486,0.0
3006487,0.0
3006488,0.0
3006489,154.64986
3006490,136.31606
3006491,0.0
3006492,0.0
3006493,167.00401
3006494,54.82695
3006495,312.4359
3006496,0.0
3006497,0.0
3006498,12.146477
3006499,10.308556
3006500,28.275043
3006501,3512.6702
3006502,0.0
3006503,448.4849
3006504,13.686491
3006505,1234.427
3006506,810.13446
3006507,622.1986
3006508,177.74666
3006509,166.05035
3006510,4874.095
3006511,21.416754
3006512,11.25899
3006513,47.662334
3006514,45.1243
3006515,11.398214
3006516,439.76364
3006517,12.397413
3006518,13.464642
3006519,111.89844
3006520,128.01627
3006521,7.020344
3006522,217.25282
3006523,398.28894
3006524,12.490971
3006525,12.289906
3006526,333.21555
3006527,62.96665
3006528,543.33685
3006529,125.96694
3006530,17.761765
3006531,0.0
3006532,0.0
3006533,0.0
3006534,2957.8367
3006535,0.0
3006536,548.8991
3006537,0.0
3006538,906.21295
3006539,687.13745
3006540,332.06625
3006541,124.76753
3006542,116.49303
3006543,3226.6946
3006544,4.457364
3006545,0.0
3006546,16.930359
3006547,0.0
3006548,0.0
3006549,298.0448
3006550,0.0
3006551,0.0
3006552,14.9719515
3006553,74.05633
3006554,0.0
3006555,151.21706
3006556,303.24948
3006557,0.0
3006558,0.0
3006559,202.35524
3006560,54.97925
3006561,1235.9764
3006562,80.15774
3006563,0.0
3006564,0.7730205
3006565,0.0
3006566,0.0
3006567,3104.7156
3006568,0.0
3006569,337.55817
3006570,2.3130338
3006571,1357.2727
3006572,569.9833
3006573,401.27026
3006574,89.311356
3006575,124.378944
3006576,4300.5156
3006577,10.04331
3006578,0.0
3006579,0.0
3006580,0.0
3006581,0.024751086
3006582,243.1821
3006583,1.0239543
3006584,2.091177
3006585,0.9000041
3006586,52.964676
3006587,2.068357
3006588,156.80296
3006589,304.7136
3006590,1.1175176
3006591,0.91644543
3006592,187.24438
3006593,60.56521
3006594,502.87683
3006595,17.604103
3006596,0.0
3006597,2.8359318
3006598,0.0
3006599,0.0
3006600,3588.4702
3006601,0.0
3006602,704.24304
3006603,5.153876
3006604,824.90295
3006605,893.47516
3006606,171.30437
3006607,207.73183
3006608,185.27592
3006609,4408.7754
3006610,17.87205
3006611,0.0
3006612,0.0
3006613,0.0
3006614,0.0
3006615,233.2493
3006616,5.785398
3006617,1.6768725
3006618,0.0
3006619,109.66036
3006620,0.0
3006621,490.86478
3006622,283.0885
3006623,0.0
3006624,1.1032422
3006625,581.28
3006626,152.9581
3006627,2498.0833
3006628,0.0
3006629,21.70956
3006630,22.20242
3006631,19.774601
3006632,20.535309
3006633,3944.0706
3006634,0.0
3006635,530.12085
3006636,23.74244
3006637,1649.9695
3006638,991.1076
3006639,646.88696
3006640,119.24651
3006641,334.17328
3006642,6235.089
3006643,31.472706
3006644,21.314938
3006645,39.922585
3006646,34.61435
3006647,21.454147
3006648,448.52606
3006649,22.453362
3006650,23.52058
3006651,22.32941
3006652,182.76613
3006653,23.497757
3006654,200.61595
3006655,410.0486
3006656,22.54692
3006657,22.345852
3006658,237.7655
3006659,81.99461
3006660,778.141
3006661,141.80473
3006662,40.531757
3006663,18.044008
3006664,15.616202
3006665,13.501596
3006666,3274.9565
3006667,0.0
3006668,515.51935
3006669,19.58403
3006670,1470.1758
3006671,741.9872
3006672,434.83908
3006673,150.0843
3006674,258.92847
3006675,4993.6025
3006676,34.56945
3006677,17.156527
3006678,32.88888
3006679,61.031338
3006680,17.295742
3006681,396.85114
3006682,18.29494
3006683,19.362164
3006684,18.17099
3006685,161.28098
3006686,24.552322
3006687,163.31973
3006688,361.59827
3006689,18.388508
3006690,18.187431
3006691,201.70691
3006692,77.83624
3006693,787.0432
3006694,13.753844
3006695,48.784275
3006696,0.0
3006697,0.0
3006698,0.0
3006699,1653.5077
3006700,0.0
3006701,190.35767
3006702,0.0
3006703,877.16644
3006704,377.788
3006705,125.087296
3006706,44.93169
3006707,71.75911
3006708,2812.4614
3006709,8.286613
3006710,0.0
3006711,0.0
3006712,0.0
3006713,0.0
3006714,153.51677
3006715,0.0
3006716,0.0
3006717,0.0
3006718,0.0
3006719,4.4554634
3006720,137.03682
3006721,141.66473
3006722,0.0
3006723,0.0
3006724,175.42409
3006725,51.553387
3006726,491.26636
3006727,0.0
3006728,0.0
3006729,10.440759
3006730,0.0
3006731,0.0
3006732,1718.8726
3006733,8.585406
3006734,244.8537
3006735,11.980773
3006736,651.2356
3006737,549.0732
3006738,115.22213
3006739,102.139114
3006740,120.1699
3006741,2253.7773
3006742,26.9662
3006743,9.553284
3006744,32.18405
3006745,0.0
3006746,9.692495
3006747,120.25091
3006748,10.691695
3006749,11.758916
3006750,10.567744
3006751,24.844513
3006752,16.699938
3006753,554.6212
3006754,123.19757
3006755,10.785258
3006756,10.584186
3006757,331.93137
3006758,70.233
3006759,949.5853
3006760,6.150609
3006761,24.261639
3006762,38.36043
3006763,31.694885
3006764,143.46143
3006765,4185.5874
3006766,32.333256
3006767,934.7976
3006768,39.90045
3006769,1142.5039
3006770,1273.2117
3006771,551.4106
3006772,159.97897
3006773,148.08965
3006774,4184.735
3006775,35.93917
3006776,37.472954
3006777,162.84868
3006778,283.38297
3006779,32.47748
3006780,476.54208
3006781,38.61137
3006782,39.67859
3006783,38.48742
3006784,346.93948
3006785,28.65499
3006786,297.84058
3006787,569.8942
3006788,38.70494
3006789,38.50386
3006790,397.89395
3006791,93.407745
3006792,3203.5159
3006793,34.07028
3006794,34.428574
3006795,8.297949
3006796,1.6324016
3006797,0.0
3006798,2621.3276
3006799,2.270768
3006800,368.15976
3006801,9.837963
3006802,606.42847
3006803,468.1774
3006804,116.53735
3006805,137.56966
3006806,129.14104
3006807,1866.3607
3006808,16.942774
3006809,7.4104667
3006810,30.041235
3006811,0.0
3006812,2.4149866
3006813,75.07722
3006814,0.0
3006815,9.616106
3006816,8.424932
3006817,233.87845
3006818,6.105944
3006819,267.77805
3006820,48.31708
3006821,8.6424465
3006822,8.441373
3006823,242.40752
3006824,67.07165
3006825,1379.8154
3006826,4.0077834
3006827,17.010914
3006828,0.0
3006829,0.0
3006830,0.0
3006831,1355.1777
3006832,0.0
3006833,150.77583
3006834,0.0
3006835,423.0795
3006836,243.44931
3006837,44.48031
3006838,127.33882
3006839,117.37949
3006840,1625.8458
3006841,6.7120776
3006842,0.0
3006843,19.810547
3006844,10.479195
3006845,0.0
3006846,67.123055
3006847,0.0
3006848,0.0
3006849,0.0
3006850,0.0
3006851,0.0
3006852,257.54752
3006853,0.0
3006854,0.0
3006855,0.0
3006856,232.17685
3006857,56.840965
3006858,613.1179
3006859,0.0
3006860,6.7802153
3006861,45.641212
3006862,38.975674
3006863,29.147415
3006864,3559.958
3006865,31.05229
3006866,730.2095
3006867,47.18123
3006868,1036.9441
3006869,956.9447
3006870,440.3926
3006871,197.39218
3006872,159.22203
3006873,3656.5027
3006874,53.884975
3006875,44.75373
3006876,67.38454
3006877,45.735374
3006878,39.758255
3006879,328.98923
3006880,45.892147
3006881,46.959366
3006882,45.768196
3006883,276.47134
3006884,32.503807
3006885,253.92282
3006886,350.15225
3006887,45.985714
3006888,60.994812
3006889,324.78198
3006890,104.41493
3006891,2641.2185
3006892,41.35106
3006893,54.35418
3006894,36.84075
3006895,30.175215
3006896,33.251255
3006897,3876.4111
3006898,0.0
3006899,695.0708
3006900,38.380768
3006901,1429.274
3006902,975.5768
3006903,468.4742
3006904,229.72202
3006905,253.73247
3006906,5090.116
3006907,45.084515
3006908,35.95327
3006909,58.58405
3006910,36.934906
3006911,30.957796
3006912,333.3692
3006913,0.0
3006914,38.158905
3006915,36.967735
3006916,275.4239
3006917,23.703352
3006918,220.82884
3006919,375.91583
3006920,37.185253
3006921,36.984177
3006922,270.50574
3006923,95.61446
3006924,1409.3788
3006925,32.5506
3006926,31.195175
3006927,0.0
3006928,0.0
3006929,11.737178
3006930,3390.8557
3006931,0.0
3006932,593.6813
3006933,0.0
3006934,1112.3398
3006935,786.4366
3006936,298.56754
3006937,193.68251
3006938,235.10487
3006939,4374.778
3006940,10.096505
3006941,1.3278899
3006942,31.360855
3006943,24.99297
3006944,0.0
3006945,316.53436
3006946,0.0
3006947,0.0
3006948,0.0
3006949,191.07741
3006950,0.0
3006951,143.19363
3006952,336.02325
3006953,0.0
3006954,0.0
3006955,159.0746
3006956,55.572063
3006957,909.4973
3006958,0.0
3006959,3.9879837
3006960,49.49713
3006961,9.8409605
3006962,128.58432
3006963,9898.946
3006964,13.810871
3006965,1488.3049
3006966,57.93993
3006967,2224.3416
3006968,2810.1055
3006969,612.9136
3006970,533.3924
3006971,335.40686
3006972,9334.759
3006973,86.81668
3006974,39.467636
3006975,189.45428
3006976,151.62378
3006977,34.610645
3006978,718.1204
3006979,61.910664
3006980,74.56865
3006981,217.03586
3006982,660.3062
3006983,37.89328
3006984,773.43225
3006985,666.86475
3006986,43.717976
3006987,55.3246
3006988,1305.1298
3006989,316.60037
3006990,8027.127
3006991,29.359903
3006992,95.955
3006993,0.0
3006994,0.0
3006995,1.0626965
3006996,1562.2705
3006997,0.0
3006998,304.91418
3006999,0.0
3007000,561.1176
3007001,397.4595
3007002,105.94789
3007003,78.50998
3007004,19.159775
3007005,1919.85
3007006,0.0
3007007,0.0
3007008,7.867179
3007009,2.1857908
3007010,0.0
3007011,106.248505
3007012,0.0
3007013,0.0
3007014,0.0
3007015,21.974781
3007016,0.0
3007017,112.062126
3007018,164.03738
3007019,0.0
3007020,0.0
3007021,148.40004
3007022,44.8976
3007023,572.1713
3007024,0.0
3007025,0.0
3007026,30.3744
3007027,16.71493
3007028,10.687747
3007029,3330.687
3007030,0.0
3007031,558.26196
3007032,31.914415
3007033,1640.1089
3007034,844.143
3007035,357.98837
3007036,239.0209
3007037,227.48679
3007038,5028.8535
3007039,31.97732
3007040,34.903942
3007041,68.16002
3007042,69.27195
3007043,24.491426
3007044,370.1236
3007045,30.625334
3007046,31.692543
3007047,30.501383
3007048,198.36972
3007049,29.919786
3007050,265.24292
3007051,390.55768
3007052,30.718893
3007053,30.517824
3007054,192.65054
3007055,89.14805
3007056,907.33844
3007057,26.084196
3007058,40.998623
3007059,0.0
3007060,0.0
3007061,0.0
3007062,1206.0242
3007063,0.0
3007064,142.75162
3007065,0.0
3007066,713.051
3007067,176.16568
3007068,192.41664
3007069,0.20990239
3007070,0.0
3007071,2205.4658
3007072,0.0
3007073,0.0
3007074,0.0
3007075,0.0
3007076,0.0
3007077,44.380665
3007078,0.0
3007079,0.0
3007080,0.0
3007081,0.0
3007082,0.0
3007083,155.01045
3007084,46.55578
3007085,0.0
3007086,0.0
3007087,140.04932
3007088,36.54686
3007089,235.2323
3007090,0.0
3007091,0.0
3007092,18.421206
3007093,7.901725
3007094,10.665704
3007095,2202.4412
3007096,0.0
3007097,365.4492
3007098,19.961222
3007099,1120.758
3007100,552.72546
3007101,237.17003
3007102,173.4195
3007103,102.31317
3007104,3711.142
3007105,21.304163
3007106,13.06257
3007107,40.164505
3007108,11.496462
3007109,12.538247
3007110,249.30534
3007111,0.0
3007112,19.73936
3007113,18.548191
3007114,123.36899
3007115,17.966593
3007116,223.50864
3007117,265.94354
3007118,18.765701
3007119,18.564632
3007120,212.01404
3007121,62.721344
3007122,877.9398
3007123,14.131045
3007124,0.0
3007125,21.354609
3007126,10.835126
3007127,13.599106
3007128,3239.5776
3007129,0.0
3007130,709.406
3007131,22.894623
3007132,1016.5278
3007133,687.2914
3007134,240.11244
3007135,176.35292
3007136,117.65688
3007137,4422.4604
3007138,24.237566
3007139,15.995965
3007140,13.31796
3007141,14.429865
3007142,15.471646
3007143,255.70174
3007144,21.605543
3007145,22.672762
3007146,21.481592
3007147,110.201294
3007148,20.745611
3007149,208.99054
3007150,292.49084
3007151,21.699102
3007152,21.498034
3007153,195.27075
3007154,65.65475
3007155,629.3346
3007156,17.064442
3007157,0.0
3007158,0.0
3007159,0.0
3007160,0.0
3007161,1916.4617
3007162,0.0
3007163,103.18226
3007164,0.0
3007165,593.30444
3007166,187.29645
3007167,36.105316
3007168,103.30943
3007169,0.0
3007170,2080.929
3007171,0.0
3007172,0.0
3007173,5.3313046
3007174,0.0
3007175,0.0
3007176,55.82641
3007177,0.0
3007178,0.0
3007179,0.0
3007180,0.0
3007181,0.0
3007182,195.51163
3007183,52.119755
3007184,0.0
3007185,0.0
3007186,157.50415
3007187,50.653603
3007188,438.18372
3007189,0.0
3007190,0.0
3007191,9.920761
3007192,0.0
3007193,1.360705
3007194,3503.857
3007195,0.0
3007196,574.8978
3007197,11.460776
3007198,1039.2711
3007199,611.77094
3007200,256.20715
3007201,158.02324
3007202,111.81449
3007203,4128.016
3007204,19.171852
3007205,6.934986
3007206,0.0
3007207,4.083371
3007208,4.0378017
3007209,269.54074
3007210,10.171697
3007211,11.238917
3007212,10.047746
3007213,134.42921
3007214,9.311765
3007215,201.5113
3007216,267.8296
3007217,6.8284607
3007218,10.064187
3007219,183.83687
3007220,57.733135
3007221,1220.515
3007222,5.630596
3007223,12.973147
3007224,19.274288
3007225,5.6084385
3007226,0.0
3007227,3128.0781
3007228,3.667978
3007229,609.71985
3007230,0.0
3007231,1099.0005
3007232,927.18945
3007233,184.09868
3007234,163.75531
3007235,154.1877
3007236,3467.7305
3007237,28.525349
3007238,8.935455
3007239,30.60845
3007240,0.0
3007241,9.51775
3007242,254.5808
3007243,19.525223
3007244,20.592434
3007245,19.401272
3007246,161.10666
3007247,18.665283
3007248,200.42319
3007249,294.50897
3007250,8.742582
3007251,19.417713
3007252,213.27138
3007253,99.34116
3007254,2643.8145
3007255,7.0175915
3007256,22.326662
3007257,26.306896
3007258,12.66333
3007259,29.696817
3007260,3424.693
3007261,14.256552
3007262,721.2227
3007263,19.218208
3007264,1264.7759
3007265,961.44836
3007266,295.28052
3007267,170.78795
3007268,174.50108
3007269,4163.0117
3007270,36.467014
3007271,15.968085
3007272,48.74928
3007273,42.123936
3007274,16.550373
3007275,436.44534
3007276,26.55783
3007277,27.62505
3007278,26.43388
3007279,162.41985
3007280,25.697897
3007281,207.45583
3007282,542.21747
3007283,15.797472
3007284,26.450321
3007285,220.30402
3007286,107.28281
3007287,2183.5322
3007288,14.050215
3007289,29.359287
3007290,24.97524
3007291,11.331677
3007292,25.233225
3007293,4481.4917
3007294,0.0
3007295,711.3476
3007296,26.594427
3007297,1755.811
3007298,923.62164
3007299,291.05597
3007300,275.9116
3007301,263.89005
3007302,5978.6807
3007303,35.135365
3007304,14.636428
3007305,46.718544
3007306,38.737846
3007307,15.218713
3007308,414.55286
3007309,25.226175
3007310,26.293394
3007311,51.765762
3007312,152.1811
3007313,24.366247
3007314,396.9626
3007315,438.34616
3007316,14.465823
3007317,25.118666
3007318,218.97235
3007319,89.588295
3007320,1596.0981
3007321,46.53109
3007322,0.0
3007323,0.0
3007324,0.0
3007325,0.0
3007326,3357.021
3007327,0.0
3007328,448.42725
3007329,7.2582526
3007330,946.23
3007331,888.93097
3007332,209.519
3007333,218.22656
3007334,203.56056
3007335,3470.0354
3007336,13.723643
3007337,0.0
3007338,21.98998
3007339,16.559916
3007340,0.0
3007341,319.39075
3007342,0.5324104
3007343,0.91030407
3007344,2.0064628
3007345,192.19302
3007346,0.0
3007347,418.05554
3007348,240.49496
3007349,0.6819308
3007350,0.0
3007351,536.8189
3007352,116.269424
3007353,2469.311
3007354,0.0
3007355,21.641764
3007356,9.614394
3007357,0.0
3007358,17.87636
3007359,5136.2363
3007360,0.0
3007361,561.417
3007362,9.185837
3007363,1936.3185
3007364,706.35675
3007365,292.57053
3007366,188.19806
3007367,196.28482
3007368,6397.5537
3007369,19.774525
3007370,4.986892
3007371,31.357697
3007372,26.160137
3007373,0.0
3007374,404.97333
3007375,0.0
3007376,10.932553
3007377,9.74138
3007378,138.43852
3007379,9.005401
3007380,156.05608
3007381,406.5501
3007382,0.0
3007383,9.757821
3007384,214.71674
3007385,71.50794
3007386,1144.6696
3007387,0.0
3007388,0.0
3007389,22.676565
3007390,18.987036
3007391,20.435167
3007392,3288.617
3007393,6.7577405
3007394,628.8555
3007395,24.295752
3007396,1120.898
3007397,797.51666
3007398,264.70245
3007399,166.00009
3007400,168.92447
3007401,3639.684
3007402,38.7772
3007403,18.049059
3007404,28.48598
3007405,37.071358
3007406,12.92004
3007407,309.4762
3007408,22.9275
3007409,23.994719
3007410,22.803549
3007411,157.19456
3007412,22.067564
3007413,197.68913
3007414,381.0527
3007415,12.167139
3007416,22.81999
3007417,217.2755
3007418,84.57013
3007419,2045.0071
3007420,10.419884
3007421,25.728954
3007422,1.1055143
3007423,15.602821
3007424,71.58839
3007425,3452.7087
3007426,10.853867
3007427,594.57574
3007428,13.487198
3007429,985.8222
3007430,911.3248
3007431,263.31564
3007432,144.42896
3007433,130.723
3007434,3421.0615
3007435,29.062
3007436,17.417072
3007437,22.848833
3007438,81.66592
3007439,19.230364
3007440,355.8098
3007441,13.926455
3007442,12.669636
3007443,24.24033
3007444,255.28712
3007445,11.221273
3007446,191.57794
3007447,387.63376
3007448,25.975431
3007449,1.2489403
3007450,196.86229
3007451,76.20092
3007452,2850.3333
3007453,15.0371
3007454,25.030876
3007455,6.627615
3007456,9.389037
3007457,0.0
3007458,5015.413
3007459,0.0
3007460,501.36902
3007461,6.771041
3007462,1155.0345
3007463,715.5897
3007464,217.27493
3007465,159.91939
3007466,119.655846
3007467,4609.5415
3007468,20.954727
3007469,11.199329
3007470,0.0
3007471,0.0
3007472,10.011246
3007473,263.401
3007474,0.0
3007475,18.191713
3007476,6.7545996
3007477,83.64248
3007478,16.743341
3007479,190.82724
3007480,251.35211
3007481,14.101746
3007482,6.771041
3007483,214.30428
3007484,101.89271
3007485,1396.6444
3007486,13.454742
3007487,30.552954
3007488,64.511086
3007489,0.0
3007490,63.53744
3007491,13361.382
3007492,14.827035
3007493,2053.7583
3007494,68.14581
3007495,2963.3872
3007496,3681.4792
3007497,767.5577
3007498,741.05835
3007499,507.99918
3007500,12542.521
3007501,89.481514
3007502,14.475945
3007503,164.42053
3007504,173.68443
3007505,8.281508
3007506,869.09564
3007507,300.5263
3007508,49.231598
3007509,276.17685
3007510,590.63165
3007511,41.216877
3007512,1031.4774
3007513,990.0936
3007514,35.580338
3007515,80.23995
3007516,1575.7032
3007517,439.6964
3007518,11674.466
3007519,533.2777
3007520,104.43563
3007521,44.764027
3007522,0.0
3007523,58.210827
3007524,12248.307
3007525,0.0
3007526,1708.5375
3007527,47.851044
3007528,2894.6802
3007529,3221.337
3007530,810.21655
3007531,476.55035
3007532,486.09714
3007533,12943.911
3007534,72.223816
3007535,0.0
3007536,148.84326
3007537,120.86961
3007538,0.0
3007539,874.6835
3007540,192.303
3007541,36.097782
3007542,257.6932
3007543,575.3206
3007544,20.922142
3007545,1340.6365
3007546,803.88574
3007547,20.940529
3007548,148.68697
3007549,1595.0829
3007550,361.38516
3007551,8178.429
3007552,476.865
3007553,84.14086
3007554,6.227378
3007555,0.0
3007556,0.0
3007557,8247.757
3007558,0.0
3007559,1338.6887
3007560,8.670117
3007561,2725.4497
3007562,2364.239
3007563,948.4241
3007564,275.5274
3007565,385.1664
3007566,11845.696
3007567,29.276543
3007568,0.0
3007569,73.41745
3007570,0.0
3007571,0.0
3007572,811.78345
3007573,103.88691
3007574,0.0
3007575,63.75588
3007576,222.14435
3007577,0.0
3007578,1291.8307
3007579,940.73535
3007580,0.0
3007581,13.500116
3007582,1352.2395
3007583,233.6669
3007584,2947.9807
3007585,270.5101
3007586,35.942017
3007587,33.141434
3007588,0.0
3007589,55.321445
3007590,10965.09
3007591,0.0
3007592,1596.2847
3007593,35.584175
3007594,2878.966
3007595,3008.2231
3007596,791.01953
3007597,322.52182
3007598,344.2485
3007599,12440.609
3007600,56.19062
3007601,0.0
3007602,184.94585
3007603,127.84662
3007604,0.0
3007605,907.0679
3007606,393.09003
3007607,21.868141
3007608,265.9818
3007609,566.21985
3007610,13.263323
3007611,1031.2439
3007612,1013.6084
3007613,7.3442693
3007614,34.643047
3007615,1435.8015
3007616,311.7882
3007617,6112.932
3007618,550.2919
3007619,62.856136
3007620,4.297974
3007621,0.0
3007622,0.0
3007623,6537.681
3007624,0.0
3007625,1147.1542
3007626,6.7407136
3007627,2607.7573
3007628,1940.2443
3007629,767.4748
3007630,233.86026
3007631,332.51004
3007632,10582.842
3007633,27.347172
3007634,0.0
3007635,16.648409
3007636,0.0
3007637,0.0
3007638,752.48047
3007639,92.035774
3007640,0.0
3007641,118.580284
3007642,274.44824
3007643,0.0
3007644,1083.1628
3007645,835.92224
3007646,0.0
3007647,49.93594
3007648,1144.8491
3007649,210.79826
3007650,2228.7297
3007651,313.1724
3007652,34.012627
3007653,33.189705
3007654,0.0
3007655,59.360977
3007656,9035.449
3007657,0.79629874
3007658,1613.2544
3007659,35.63244
3007660,2173.3237
3007661,2925.5583
3007662,532.73035
3007663,424.1876
3007664,361.40182
3007665,8427.763
3007666,56.238907
3007667,3.0700066
3007668,118.242775
3007669,146.11838
3007670,4.818596
3007671,647.5265
3007672,242.77142
3007673,21.916368
3007674,328.84204
3007675,485.92053
3007676,15.754275
3007677,715.3939
3007678,648.8715
3007679,10.87753
3007680,34.69131
3007681,1052.9365
3007682,292.82318
3007683,8236.968
3007684,289.8845
3007685,62.904392
3007686,0.0
3007687,0.0
3007688,0.0
3007689,2228.2253
3007690,0.0
3007691,260.5974
3007692,0.0
3007693,832.32935
3007694,474.09634
3007695,54.376564
3007696,170.5211
3007697,182.79475
3007698,2710.587
3007699,0.0
3007700,0.0
3007701,0.0
3007702,0.0
3007703,0.0
3007704,107.318306
3007705,0.0
3007706,0.0
3007707,0.0
3007708,21.774643
3007709,0.0
3007710,370.14462
3007711,37.701675
3007712,0.0
3007713,0.0
3007714,325.19473
3007715,87.64866
3007716,1366.8485
3007717,0.0
3007718,0.0
3007719,9.279488
3007720,0.0
3007721,0.0
3007722,5067.346
3007723,0.0
3007724,829.38934
3007725,11.722222
3007726,1744.1361
3007727,1530.0626
3007728,558.0369
3007729,187.30391
3007730,301.6598
3007731,7560.9424
3007732,32.32866
3007733,0.0
3007734,21.629902
3007735,0.0
3007736,0.0
3007737,438.3107
3007738,25.979988
3007739,0.0
3007740,4.91755
3007741,268.91888
3007742,0.0
3007743,640.9053
3007744,579.4757
3007745,0.0
3007746,10.7810955
3007747,519.3483
3007748,150.09398
3007749,2472.5032
3007750,295.78732
3007751,38.99412
3007752,31.333534
3007753,0.0
3007754,20.67225
3007755,5344.489
3007756,0.0
3007757,1130.1947
3007758,33.776268
3007759,1602.1101
3007760,1893.6477
3007761,369.98325
3007762,316.5679
3007763,337.12726
3007764,5619.84
3007765,47.53683
3007766,1.2138468
3007767,14.612072
3007768,31.694578
3007769,0.0
3007770,382.33826
3007771,29.833107
3007772,20.060205
3007773,26.9716
3007774,200.81705
3007775,8.794173
3007776,662.5556
3007777,431.7792
3007778,14.582989
3007779,1.0455965
3007780,783.063
3007781,174.80736
3007782,5305.7393
3007783,12.791491
3007784,61.048172
3007785,16.507147
3007786,0.0
3007787,30.934782
3007788,4679.9185
3007789,0.0
3007790,862.0234
3007791,9.103255
3007792,1258.8937
3007793,1316.5016
3007794,443.98254
3007795,115.095726
3007796,160.36679
3007797,5634.479
3007798,40.573193
3007799,34.1705
3007800,21.328161
3007801,15.589334
3007802,14.490383
3007803,305.0354
3007804,27.944935
3007805,30.66624
3007806,18.935787
3007807,188.67493
3007808,27.238369
3007809,215.06168
3007810,555.8237
3007811,31.359373
3007812,21.04767
3007813,180.53021
3007814,104.306496
3007815,4401.6797
3007816,11.694881
3007817,37.72369
3007818,28.141214
3007819,22.272905
3007820,0.0
3007821,3312.602
3007822,27.300753
3007823,690.00696
3007824,22.558275
3007825,1331.4058
3007826,766.85236
3007827,422.85568
3007828,111.222946
3007829,171.40092
3007830,3485.6418
3007831,40.7981
3007832,23.804632
3007833,31.99352
3007834,0.0
3007835,20.3075
3007836,304.21472
3007837,23.086647
3007838,26.62361
3007839,20.488966
3007840,295.01086
3007841,27.165113
3007842,294.22757
3007843,421.37283
3007844,32.464058
3007845,23.00439
3007846,192.16423
3007847,115.94048
3007848,1902.3174
3007849,23.328945
3007850,42.98458
3007851,0.0
3007852,0.0
3007853,0.0
3007854,3464.6165
3007855,0.0
3007856,315.95947
3007857,0.0
3007858,1478.9944
3007859,122.37634
3007860,202.15895
3007861,39.00584
3007862,107.59339
3007863,3906.4885
3007864,6.4758797
3007865,0.0
3007866,0.0
3007867,5.567172
3007868,0.0
3007869,291.48386
3007870,0.0
3007871,0.0
3007872,0.0
3007873,18.042154
3007874,0.0
3007875,82.57171
3007876,266.27756
3007877,0.0
3007878,0.0
3007879,116.55723
3007880,81.618256
3007881,266.36584
3007882,0.0
3007883,0.0
3007884,26.640839
3007885,1.485368
3007886,40.851536
3007887,4194.132
3007888,8.482839
3007889,700.7705
3007890,27.483068
3007891,1261.1349
3007892,1304.2083
3007893,437.7245
3007894,228.20375
3007895,221.9962
3007896,5065.5977
3007897,40.21153
3007898,17.242512
3007899,101.72171
3007900,25.123945
3007901,4.4741573
3007902,408.13788
3007903,29.59419
3007904,20.954742
3007905,77.682274
3007906,259.39706
3007907,12.825314
3007908,493.00565
3007909,398.27225
3007910,14.221106
3007911,27.25217
3007912,670.145
3007913,145.33131
3007914,2793.1992
3007915,7.0180845
3007916,42.788967
3007917,0.0
3007918,0.0
3007919,0.0
3007920,4144.307
3007921,0.0
3007922,758.18726
3007923,0.0
3007924,957.5625
3007925,1246.4185
3007926,139.74153
3007927,237.42918
3007928,216.3249
3007929,3176.9368
3007930,9.397031
3007931,0.0
3007932,56.95569
3007933,0.0
3007934,0.0
3007935,243.68523
3007936,0.0
3007937,0.0
3007938,11.222868
3007939,250.83322
3007940,0.0
3007941,462.1911
3007942,240.04616
3007943,0.0
3007944,51.576305
3007945,639.33057
3007946,147.81337
3007947,4761.9443
3007948,0.0
3007949,8.96842
3007950,43.400654
3007951,15.483925
3007952,85.50851
3007953,5857.8013
3007954,22.465334
3007955,1009.1563
3007956,44.24289
3007957,1447.1748
3007958,1801.2085
3007959,401.06458
3007960,322.12292
3007961,212.99104
3007962,5394.5903
3007963,56.971348
3007964,32.651817
3007965,146.37871
3007966,91.40731
3007967,21.234001
3007968,497.174
3007969,46.354023
3007970,37.714565
3007971,100.64584
3007972,423.74335
3007973,25.477936
3007974,491.5834
3007975,492.03458
3007976,23.294645
3007977,44.01199
3007978,662.3378
3007979,204.85768
3007980,5165.7563
3007981,23.777939
3007982,56.37336
3007983,20.906298
3007984,0.0
3007985,50.756935
3007986,4222.366
3007987,0.0
3007988,707.86694
3007989,21.748524
3007990,1939.4307
3007991,934.36993
3007992,744.1726
3007993,262.72702
3007994,311.77075
3007995,7261.685
3007996,34.47701
3007997,10.157449
3007998,111.62714
3007999,35.029358
3008000,0.0
3008001,502.98883
3008002,23.859657
3008003,15.220218
3008004,65.89433
3008005,261.05057
3008006,2.9835558
3008007,441.70276
3008008,539.0675
3008009,10.343795
3008010,21.517628
3008011,537.9766
3008012,89.05043
3008013,1512.1974
3008014,142.99655
3008015,97.878716
3008016,0.0
3008017,0.0
3008018,0.0
3008019,425.18048
3008020,0.0
3008021,261.26382
3008022,0.0
3008023,143.4197
3008024,222.09099
3008025,0.0
3008026,93.202446
3008027,99.611755
3008028,750.4595
3008029,0.0
3008030,0.0
3008031,0.0
3008032,0.0
3008033,0.0
3008034,89.41281
3008035,0.0
3008036,0.0
3008037,0.0
3008038,0.0
3008039,0.0
3008040,161.51842
3008041,0.0
3008042,0.0
3008043,0.0
3008044,150.27069
3008045,42.617886
3008046,1173.7357
3008047,0.0
3008048,0.0
3008049,0.0
3008050,0.0
3008051,0.0
3008052,1009.33954
3008053,0.0
3008054,0.0
3008055,0.0
3008056,914.2106
3008057,352.84
3008058,284.5672
3008059,40.026066
3008060,29.32948
3008061,3129.3223
3008062,0.0
3008063,0.0
3008064,0.0
3008065,0.0
3008066,0.0
3008067,220.26225
3008068,0.0
3008069,0.0
3008070,0.0
3008071,0.0
3008072,0.0
3008073,255.46
3008074,162.16806
3008075,0.0
3008076,0.0
3008077,333.7696
3008078,32.64652
3008079,471.15125
3008080,0.0
3008081,0.0
3008082,15.680557
3008083,7.3309865
3008084,10.608397
3008085,5296.827
3008086,0.0
3008087,983.90027
3008088,21.25905
3008089,2157.641
3008090,788.57
3008091,639.1699
3008092,164.58421
3008093,83.45498
3008094,8155.6934
3008095,73.24194
3008096,13.319157
3008097,71.895744
3008098,61.838688
3008099,11.825256
3008100,582.40546
3008101,22.780043
3008102,32.43269
3008103,31.241518
3008104,187.32072
3008105,6.0305676
3008106,451.2777
3008107,563.7401
3008108,11.982342
3008109,31.25796
3008110,475.02557
3008111,64.020515
3008112,1056.103
3008113,201.33255
3008114,39.955482
3008115,0.0
3008116,0.0
3008117,0.0
3008118,1878.926
3008119,0.0
3008120,232.90562
3008121,0.0
3008122,848.698
3008123,486.0156
3008124,209.16463
3008125,29.434841
3008126,47.335926
3008127,2650.3564
3008128,0.0
3008129,0.0
3008130,14.777792
3008131,0.0
3008132,0.0
3008133,212.54938
3008134,0.0
3008135,0.0
3008136,0.0
3008137,0.0
3008138,0.0
3008139,173.92802
3008140,213.60378
3008141,0.0
3008142,0.0
3008143,187.86203
3008144,53.814716
3008145,294.39984
3008146,0.0
3008147,0.0
3008148,0.0
3008149,0.0
3008150,0.0
3008151,1574.1365
3008152,0.0
3008153,165.05008
3008154,0.0
3008155,748.4653
3008156,295.87637
3008157,185.11319
3008158,0.6119528
3008159,33.974133
3008160,2396.5513
3008161,0.0
3008162,0.0
3008163,4.431856
3008164,0.0
3008165,0.0
3008166,164.96805
3008167,0.0
3008168,0.0
3008169,0.0
3008170,0.0
3008171,0.0
3008172,163.58212
3008173,169.37566
3008174,0.0
3008175,0.0
3008176,139.39127
3008177,43.468777
3008178,341.19003
3008179,0.0
3008180,0.0
3008181,0.0
3008182,0.0
3008183,0.0
3008184,1489.551
3008185,0.0
3008186,187.5039
3008187,0.0
3008188,912.97485
3008189,370.7872
3008190,169.02242
3008191,1.8610746
3008192,40.3014
3008193,2330.0706
3008194,0.0
3008195,0.0
3008196,11.269751
3008197,0.0
3008198,0.0
3008199,180.84499
3008200,0.0
3008201,0.0
3008202,0.0
3008203,0.0
3008204,0.0
3008205,228.87244
3008206,199.90016
3008207,0.0
3008208,0.0
3008209,151.52698
3008210,50.30667
3008211,363.0198
3008212,0.0
3008213,0.0
3008214,0.0
3008215,0.0
3008216,0.0
3008217,1688.1365
3008218,0.0
3008219,125.13304
3008220,0.0
3008221,878.9299
3008222,340.1077
3008223,167.94063
3008224,15.032845
3008225,39.219597
3008226,2496.3035
3008227,0.0
3008228,0.0
3008229,10.187954
3008230,0.0
3008231,0.0
3008232,194.34512
3008233,0.0
3008234,0.0
3008235,0.0
3008236,0.0
3008237,0.0
3008238,141.62906
3008239,154.81909
3008240,0.0
3008241,0.0
3008242,150.44519
3008243,47.197582
3008244,496.54413
3008245,0.0
3008246,0.0
3008247,0.0
3008248,0.0
3008249,0.0
3008250,1947.2325
3008251,0.0
3008252,155.80585
3008253,0.0
3008254,1061.2942
3008255,359.96582
3008256,227.11606
3008257,78.41873
3008258,46.39366
3008259,2856.4097
3008260,0.0
3008261,0.0
3008262,20.49221
3008263,0.0
3008264,0.0
3008265,213.76233
3008266,0.0
3008267,0.0
3008268,0.0
3008269,0.0
3008270,0.0
3008271,156.6897
3008272,173.40167
3008273,0.0
3008274,0.0
3008275,160.74944
3008276,57.501846
3008277,446.93372
3008278,0.0
3008279,1.9668951
3008280,14.18627
3008281,14.193502
3008282,40.38766
3008283,4454.5894
3008284,0.0
3008285,624.58856
3008286,15.726284
3008287,1403.974
3008288,976.63715
3008289,743.81024
3008290,219.17369
3008291,68.237274
3008292,6085.0684
3008293,50.838642
3008294,13.298788
3008295,59.724064
3008296,26.547338
3008297,13.016119
3008298,510.87772
3008299,14.437204
3008300,15.504427
3008301,124.824326
3008302,127.25062
3008303,9.060136
3008304,219.29266
3008305,402.75308
3008306,14.530767
3008307,14.329695
3008308,401.46823
3008309,65.64153
3008310,677.8346
3008311,97.47166
3008312,23.027212
3008313,0.0
3008314,0.0
3008315,0.0
3008316,3162.3394
3008317,0.0
3008318,803.7725
3008319,0.0
3008320,918.33026
3008321,774.2497
3008322,362.1564
3008323,166.1946
3008324,51.27782
3008325,3608.0432
3008326,0.0
3008327,0.0
3008328,18.919275
3008329,5.0104294
3008330,0.0
3008331,325.10797
3008332,0.0
3008333,0.0
3008334,0.0
3008335,30.522635
3008336,0.0
3008337,153.2569
3008338,267.02167
3008339,0.0
3008340,0.0
3008341,270.60788
3008342,57.654152
3008343,1515.9408
3008344,12.700573
3008345,6.0678096
3008346,0.0
3008347,0.0
3008348,0.0
3008349,3246.5322
3008350,0.0
3008351,388.35382
3008352,0.0
3008353,1103.455
3008354,587.2826
3008355,397.22806
3008356,109.695496
3008357,29.726059
3008358,3960.2002
3008359,0.0
3008360,0.0
3008361,0.0
3008362,0.0
3008363,0.0
3008364,269.86777
3008365,0.0
3008366,0.0
3008367,0.0
3008368,21.256735
3008369,0.0
3008370,131.70502
3008371,264.26538
3008372,0.0
3008373,0.0
3008374,171.44083
3008375,36.10237
3008376,645.16113
3008377,0.0
3008378,0.0
3008379,0.8622422
3008380,0.0
3008381,0.0
3008382,3842.8826
3008383,0.0
3008384,773.6834
3008385,3.1801844
3008386,818.3546
3008387,940.9281
3008388,204.78267
3008389,260.14774
3008390,148.57225
3008391,4603.801
3008392,15.898351
3008393,1.9236307
3008394,21.700727
3008395,0.0
3008396,0.0
3008397,258.89996
3008398,3.8117085
3008399,0.0
3008400,0.0
3008401,31.274199
3008402,0.0
3008403,462.31192
3008404,277.83273
3008405,0.0
3008406,0.0
3008407,643.5583
3008408,151.61954
3008409,3227.998
3008410,0.0
3008411,19.904552
3008412,21.221937
3008413,20.639261
3008414,35.72246
3008415,5295.2573
3008416,0.0
3008417,1260.1138
3008418,22.761953
3008419,1967.2433
3008420,1352.4729
3008421,1031.2812
3008422,163.74814
3008423,69.08658
3008424,7858.2217
3008425,30.122583
3008426,20.33446
3008427,42.91435
3008428,95.39113
3008429,20.051794
3008430,718.88995
3008431,21.472872
3008432,22.540094
3008433,15.118571
3008434,239.37634
3008435,22.517271
3008436,199.63553
3008437,694.52484
3008438,21.566435
3008439,21.365362
3008440,262.24722
3008441,81.64925
3008442,935.18384
3008443,403.87946
3008444,30.06288
3008445,17.063532
3008446,16.48086
3008447,28.688751
3008448,4102.276
3008449,0.0
3008450,988.93646
3008451,18.603542
3008452,1701.3157
3008453,907.2917
3008454,669.7696
3008455,194.586
3008456,77.279625
3008457,6166.519
3008458,41.75276
3008459,16.17605
3008460,48.02517
3008461,88.35745
3008462,15.893392
3008463,628.75476
3008464,17.314468
3008465,18.381681
3008466,17.190517
3008467,315.68652
3008468,23.57184
3008469,162.3393
3008470,571.5495
3008471,17.408033
3008472,17.206959
3008473,255.21335
3008474,77.49085
3008475,710.6806
3008476,12.773379
3008477,31.053095
3008478,0.0
3008479,0.0
3008480,0.0
3008481,1829.874
3008482,0.0
3008483,201.64745
3008484,0.0
3008485,801.40436
3008486,430.9217
3008487,169.53708
3008488,65.7658
3008489,45.458363
3008490,3023.8
3008491,0.0
3008492,0.0
3008493,0.0
3008494,0.0
3008495,0.0
3008496,173.80931
3008497,0.0
3008498,0.0
3008499,0.0
3008500,0.0
3008501,0.0
3008502,125.83576
3008503,134.13821
3008504,0.0
3008505,0.0
3008506,173.51736
3008507,40.987362
3008508,458.5298
3008509,0.0
3008510,0.0
3008511,0.0
3008512,0.0
3008513,0.0
3008514,1838.0024
3008515,0.0
3008516,301.85864
3008517,0.77968454
3008518,725.1093
3008519,565.7954
3008520,175.17793
3008521,114.03662
3008522,69.025894
3008523,2432.7795
3008524,15.765106
3008525,0.0
3008526,0.0
3008527,0.0
3008528,0.0
3008529,155.72464
3008530,0.0
3008531,0.5578249
3008532,0.0
3008533,0.0
3008534,5.498852
3008535,543.4202
3008536,118.61705
3008537,0.0
3008538,0.0
3008539,320.94577
3008540,59.66696
3008541,1056.0406
3008542,0.0
3008543,13.229229
3008544,9.459047
3008545,4.638647
3008546,8.895877
3008547,4010.1582
3008548,3.431875
3008549,879.38873
3008550,10.999061
3008551,1003.599
3008552,1264.7798
3008553,521.11194
3008554,154.17618
3008555,79.245316
3008556,3723.8672
3008557,7.037759
3008558,8.571558
3008559,221.36435
3008560,220.85388
3008561,3.1542032
3008562,478.79422
3008563,9.709982
3008564,10.7772
3008565,9.586032
3008566,184.4426
3008567,0.0
3008568,268.93927
3008569,466.14624
3008570,9.803545
3008571,9.602473
3008572,369.208
3008573,65.1414
3008574,3283.5103
3008575,5.1688724
3008576,5.695893
3008577,0.0
3008578,0.0
3008579,0.0
3008580,2279.6829
3008581,0.0
3008582,387.71494
3008583,0.0
3008584,538.2089
3008585,581.3991
3008586,110.88309
3008587,126.97245
3008588,55.50244
3008589,1726.7026
3008590,0.0
3008591,0.0
3008592,0.0
3008593,0.0
3008594,0.0
3008595,57.386112
3008596,0.0
3008597,0.0
3008598,0.0
3008599,89.49349
3008600,0.0
3008601,234.0826
3008602,7.1271205
3008603,0.0
3008604,0.0
3008605,208.92728
3008606,34.01106
3008607,1469.6367
3008608,0.0
3008609,0.0
3008610,0.0
3008611,0.0
3008612,0.0
3008613,1343.2129
3008614,0.0
3008615,186.07387
3008616,0.0
3008617,444.68115
3008618,307.27692
3008619,57.95422
3008620,150.32297
3008621,77.322075
3008622,1751.5485
3008623,6.597568
3008624,0.0
3008625,19.645166
3008626,10.313808
3008627,0.0
3008628,83.013145
3008629,0.0
3008630,0.0
3008631,0.0
3008632,0.0
3008633,0.0
3008634,257.43304
3008635,0.0
3008636,0.0
3008637,0.0
3008638,232.27774
3008639,57.36154
3008640,850.54175
3008641,0.0
3008642,6.834381
3008643,69.00406
3008644,64.18365
3008645,112.3819
3008646,4999.742
3008647,54.415073
3008648,917.20654
3008649,70.54408
3008650,1169.4336
3008651,1417.8716
3008652,598.6574
3008653,243.85364
3008654,142.64185
3008655,5075.937
3008656,77.24777
3008657,68.116585
3008658,90.69642
3008659,129.72237
3008660,62.699207
3008661,471.11777
3008662,69.255
3008663,70.32222
3008664,69.13105
3008665,200.8336
3008666,55.866604
3008667,277.28568
3008668,481.1285
3008669,69.348564
3008670,69.14749
3008671,348.36026
3008672,128.41281
3008673,2794.1287
3008674,64.7139
3008675,77.88567
3008676,60.20356
3008677,55.383144
3008678,44.878635
3008679,5389.6167
3008680,0.0
3008681,1217.5076
3008682,61.743603
3008683,1715.1179
3008684,1415.755
3008685,614.36566
3008686,330.88437
3008687,124.19721
3008688,6685.311
3008689,99.701775
3008690,59.31607
3008691,139.19743
3008692,117.862816
3008693,53.898716
3008694,474.37103
3008695,0.0
3008696,61.521717
3008697,60.330544
3008698,248.50488
3008699,47.066143
3008700,244.19167
3008701,517.7152
3008702,60.548058
3008703,60.346985
3008704,294.08398
3008705,119.61236
3008706,1742.9353
3008707,55.913395
3008708,69.085236
3008709,0.0
3008710,1.3143601
3008711,13.201761
3008712,4387.7476
3008713,0.0
3008714,1099.6195
3008715,0.0
3008716,1359.1902
3008717,1181.136
3008718,466.24927
3008719,272.94678
3008720,59.977886
3008721,5193.436
3008722,46.793507
3008723,2.792497
3008724,96.783165
3008725,83.175064
3008726,0.0
3008727,437.45712
3008728,0.0
3008729,0.0
3008730,0.0
3008731,188.92667
3008732,0.0
3008733,144.65822
3008734,444.74387
3008735,0.0
3008736,0.0
3008737,160.75441
3008738,57.671757
3008739,1000.8681
3008740,0.0
3008741,7.1445856
3008742,54.151268
3008743,16.340212
3008744,124.94759
3008745,10751.883
3008746,18.464977
3008747,1876.8835
3008748,62.594067
3008749,2523.6418
3008750,3237.8083
3008751,782.5223
3008752,550.91364
3008753,300.11807
3008754,9964.164
3008755,91.4708
3008756,44.121758
3008757,185.76682
3008758,148.84763
3008759,38.8429
3008760,1041.5067
3008761,66.5648
3008762,79.22277
3008763,216.40302
3008764,753.11383
3008765,42.547405
3008766,778.08655
3008767,975.33746
3008768,48.372112
3008769,59.97872
3008770,1374.0355
3008771,321.88968
3008772,9306.847
3008773,34.01401
3008774,100.7778
3008775,0.0
3008776,0.0
3008777,0.0
3008778,1818.3972
3008779,0.0
3008780,328.5133
3008781,0.0
3008782,740.91864
3008783,455.7501
3008784,128.65048
3008785,101.39007
3008786,38.683697
3008787,2062.8884
3008788,0.0
3008789,0.0
3008790,0.0
3008791,0.0
3008792,0.0
3008793,143.76825
3008794,0.0
3008795,0.0
3008796,0.0
3008797,0.0
3008798,0.0
3008799,102.907
3008800,99.22041
3008801,0.0
3008802,0.0
3008803,139.46037
3008804,36.377594
3008805,678.08954
3008806,0.0
3008807,0.0
3008808,27.941805
3008809,16.127512
3008810,67.523506
3008811,3618.009
3008812,0.0
3008813,803.45325
3008814,29.481825
3008815,1661.8542
3008816,908.29974
3008817,384.64862
3008818,306.20938
3008819,91.13883
3008820,5493.599
3008821,49.943306
3008822,32.47136
3008823,105.98335
3008824,107.89864
3008825,21.63698
3008826,437.46332
3008827,28.19274
3008828,29.259962
3008829,28.068789
3008830,133.31776
3008831,27.487192
3008832,262.81052
3008833,458.231
3008834,28.286299
3008835,90.82832
3008836,190.4334
3008837,87.350586
3008838,1055.8906
3008839,23.651655
3008840,36.823467
3008841,0.0
3008842,0.0
3008843,0.0
3008844,1358.7559
3008845,0.0
3008846,127.20523
3008847,0.0
3008848,691.3658
3008849,238.67007
3008850,36.515827
3008851,26.541088
3008852,35.26615
3008853,1818.2667
3008854,0.0
3008855,0.0
3008856,0.0
3008857,0.0
3008858,0.0
3008859,70.63405
3008860,0.0
3008861,0.0
3008862,0.0
3008863,0.0
3008864,0.0
3008865,149.30649
3008866,54.179996
3008867,0.0
3008868,0.0
3008869,134.56058
3008870,31.477953
3008871,261.25708
3008872,0.0
3008873,0.0
3008874,6.127036
3008875,0.0
3008876,0.0
3008877,2541.71
3008878,0.0
3008879,310.38535
3008880,7.66705
3008881,1119.9197
3008882,582.2892
3008883,242.5128
3008884,193.1605
3008885,69.32403
3008886,3994.2136
3008887,3.6816225
3008888,0.7683912
3008889,27.819443
3008890,19.92602
3008891,0.0
3008892,266.25137
3008893,0.0
3008894,7.4451923
3008895,6.2540207
3008896,45.58419
3008897,5.672423
3008898,211.21448
3008899,259.9585
3008900,6.471533
3008901,6.270462
3008902,199.93526
3008903,51.06233
3008904,930.14276
3008905,1.8368715
3008906,15.008669
3008907,9.060434
3008908,0.38609815
3008909,1.3049271
3008910,3302.9075
3008911,0.0
3008912,828.95654
3008913,10.60045
3008914,882.6157
3008915,711.39655
3008916,257.54718
3008917,168.49086
3008918,80.078026
3008919,4536.1284
3008920,7.68409
3008921,3.701794
3008922,30.752844
3008923,5.608978
3008924,2.7555976
3008925,273.77448
3008926,9.31137
3008927,10.378591
3008928,9.187419
3008929,31.027918
3008930,8.451435
3008931,196.69638
3008932,293.09122
3008933,9.404931
3008934,9.20386
3008935,183.19197
3008936,53.995728
3008937,663.58813
3008938,4.7702737
3008939,17.942066
3008940,0.0
3008941,0.0
3008942,0.0
3008943,1803.1572
3008944,0.0
3008945,13.935718
3008946,0.0
3008947,553.62933
3008948,257.1322
3008949,35.28654
3008950,95.44736
3008951,43.47619
3008952,2194.8076
3008953,0.0
3008954,0.0
3008955,0.0
3008956,0.0
3008957,0.0
3008958,87.99989
3008959,0.0
3008960,0.0
3008961,0.0
3008962,0.0
3008963,0.0
3008964,183.21747
3008965,49.99366
3008966,0.0
3008967,0.0
3008968,145.42537
3008969,38.99451
3008970,472.437
3008971,0.0
3008972,0.0
3008973,0.0
3008974,0.0
3008975,0.0
3008976,3684.6626
3008977,0.0
3008978,566.6001
3008979,0.0
3008980,1019.30255
3008981,708.53735
3008982,226.58794
3008983,150.16116
3008984,88.91979
3008985,4376.36
3008986,0.0
3008987,0.0
3008988,19.318995
3008989,0.0
3008990,0.0
3008991,267.12463
3008992,0.0
3008993,0.0
3008994,0.0
3008995,61.91983
3008996,0.0
3008997,189.21716
3008998,252.35956
3008999,0.0
3009000,0.0
3009001,171.75809
3009002,46.074036
3009003,1276.3752
3009004,0.0
3009005,0.84765285
3009006,0.0
3009007,0.0
3009008,0.0
3009009,2988.3062
3009010,0.0
3009011,544.3358
3009012,4.3251514
3009013,979.13995
3009014,750.4171
3009015,64.24139
3009016,166.40514
3009017,93.795906
3009018,3354.5063
3009019,8.076586
3009020,0.0
3009021,20.517931
3009022,0.0
3009023,0.0
3009024,288.77475
3009025,0.0
3009026,0.1436581
3009027,0.0
3009028,0.0
3009029,0.0
3009030,179.97444
3009031,151.40613
3009032,0.0
3009033,0.0
3009034,193.03802
3009035,79.52749
3009036,2503.1619
3009037,0.0
3009038,2.0465581
3009039,19.552603
3009040,7.754198
3009041,24.585812
3009042,3464.2188
3009043,7.502266
3009044,769.94226
3009045,12.463907
3009046,1248.4077
3009047,997.5764
3009048,225.53676
3009049,187.13226
3009050,127.80377
3009051,4332.973
3009052,29.712715
3009053,9.213799
3009054,27.393782
3009055,55.883724
3009056,9.3742
3009057,390.69458
3009058,19.803537
3009059,20.87076
3009060,19.679586
3009061,13.880361
3009062,18.943605
3009063,200.70157
3009064,547.73303
3009065,9.043193
3009066,19.696028
3009067,213.76512
3009068,101.16362
3009069,2249.4875
3009070,7.2959423
3009071,22.773663
3009072,18.220943
3009073,6.422542
3009074,23.254166
3009075,4752.687
3009076,0.0
3009077,1038.9965
3009078,19.84013
3009079,1697.6921
3009080,905.38153
3009081,262.73535
3009082,284.14032
3009083,89.69197
3009084,6526.138
3009085,56.16352
3009086,7.882146
3009087,26.062126
3009088,37.511272
3009089,8.042557
3009090,402.6707
3009091,18.47188
3009092,19.539104
3009093,5.9018693
3009094,80.29516
3009095,17.61195
3009096,390.2084
3009097,456.3155
3009098,7.711539
3009099,18.364372
3009100,226.55423
3009101,83.46909
3009102,1655.8947
3009103,69.317406
3009104,21.442015
3009105,0.0
3009106,0.0
3009107,0.0
3009108,3831.7986
3009109,0.0
3009110,616.0871
3009111,7.281691
3009112,1028.8943
3009113,1056.1952
3009114,283.24115
3009115,275.38217
3009116,163.64113
3009117,4017.4336
3009118,13.747079
3009119,0.0
3009120,22.931284
3009121,19.642345
3009122,0.0
3009123,321.1645
3009124,0.55584836
3009125,0.933743
3009126,2.0299008
3009127,84.30041
3009128,0.0
3009129,418.07907
3009130,313.24786
3009131,0.7053647
3009132,0.0
3009133,603.1576
3009134,116.927956
3009135,2839.3875
3009136,0.0
3009137,21.833878
3009138,0.17385077
3009139,0.0
3009140,0.0
3009141,5316.074
3009142,0.0
3009143,984.433
3009144,1.7930396
3009145,1871.2749
3009146,725.30774
3009147,236.35512
3009148,165.14363
3009149,71.64483
3009150,6280.5806
3009151,0.0
3009152,0.0
3009153,21.866247
3009154,10.569102
3009155,0.0
3009156,360.79004
3009157,0.0
3009158,1.4920048
3009159,0.30083525
3009160,0.0
3009161,0.0
3009162,146.61555
3009163,360.37048
3009164,0.0
3009165,0.3172766
3009166,181.66997
3009167,62.70251
3009168,1173.1829
3009169,0.0
3009170,3.3949125
3009171,15.922273
3009172,14.077877
3009173,26.844887
3009174,3600.2466
3009175,0.0034457333
3009176,670.1453
3009177,17.541454
3009178,1156.4949
3009179,774.3341
3009180,263.41324
3009181,176.91203
3009182,122.22718
3009183,3817.8872
3009184,32.022907
3009185,11.294762
3009186,13.260076
3009187,30.266201
3009188,5.743864
3009189,355.3173
3009190,16.17321
3009191,17.240425
3009192,16.04926
3009193,60.75381
3009194,15.313271
3009195,190.93486
3009196,386.591
3009197,5.4128428
3009198,16.0657
3009199,211.89445
3009200,78.45095
3009201,2168.2695
3009202,3.6655862
3009203,19.143335
3009204,0.0
3009205,10.693653
3009206,80.99574
3009207,3740.4666
3009208,4.099569
3009209,648.98865
3009210,6.7328978
3009211,1032.2432
3009212,894.4927
3009213,226.94028
3009214,155.34084
3009215,84.02577
3009216,3591.0217
3009217,22.307705
3009218,10.6627655
3009219,16.043657
3009220,91.82577
3009221,12.054169
3009222,387.72925
3009223,7.172151
3009224,5.9153275
3009225,22.261282
3009226,101.0491
3009227,4.466965
3009228,184.82367
3009229,362.1254
3009230,19.221125
3009231,0.0
3009232,190.3234
3009233,70.08173
3009234,2955.39
3009235,8.2827835
3009236,18.44525
3009237,0.0
3009238,4.479884
3009239,0.0
3009240,5531.3975
3009241,0.0
3009242,341.6121
3009243,0.01672982
3009244,1159.5825
3009245,764.28906
3009246,269.45026
3009247,167.51524
3009248,89.547844
3009249,5288.192
3009250,0.0
3009251,4.4450407
3009252,0.0
3009253,0.0
3009254,2.8350537
3009255,290.5401
3009256,0.0
3009257,11.437418
3009258,0.0002884753
3009259,21.407162
3009260,9.989046
3009261,195.01643
3009262,266.3285
3009263,7.347448
3009264,0.01672982
3009265,207.76538
3009266,95.77351
3009267,1393.0101
3009268,6.700453
3009269,23.967335
3009270,59.379673
3009271,0.0
3009272,63.181355
3009273,13939.591
3009274,9.695595
3009275,2310.7493
3009276,63.014397
3009277,3166.3042
3009278,4061.977
3009279,910.55365
3009280,837.55493
3009281,462.92493
3009282,14001.206
3009283,84.3501
3009284,9.344528
3009285,251.62944
3009286,172.71516
3009287,2.7282095
3009288,1029.4086
3009289,366.397
3009290,44.100178
3009291,450.10934
3009292,366.32828
3009293,36.085472
3009294,1037.2893
3009295,954.6771
3009296,30.448935
3009297,132.13756
3009298,1693.1454
3009299,436.4156
3009300,12132.514
3009301,668.8757
3009302,99.059166
3009303,54.216785
3009304,0.0
3009305,83.82533
3009306,12878.848
3009307,0.5756457
3009308,1980.1116
3009309,57.30381
3009310,3179.6812
3009311,3590.4138
3009312,967.7967
3009313,555.93616
3009314,455.60712
3009315,13965.112
3009316,81.67655
3009317,8.944051
3009318,213.3989
3009319,134.48468
3009320,0.0
3009321,1097.1185
3009322,322.53687
3009323,45.55051
3009324,411.87866
3009325,382.97208
3009326,30.374878
3009327,1350.446
3009328,1077.3552
3009329,30.39326
3009330,69.39795
3009331,1727.1093
3009332,372.68848
3009333,9310.075
3009334,625.0154
3009335,93.34855
3009336,19.866173
3009337,0.0
3009338,0.0
3009339,9515.32
3009340,0.0
3009341,1632.3232
3009342,14.264248
3009343,3085.6892
3009344,2843.3896
3009345,1161.1777
3009346,359.09943
3009347,358.86237
3009348,13252.943
3009349,42.915348
3009350,0.0
3009351,91.7807
3009352,0.0
3009353,0.0
3009354,1030.9614
3009355,243.14465
3009356,8.592839
3009357,98.679504
3009358,113.72351
3009359,0.0
3009360,1316.4124
3009361,1179.4198
3009362,10.722867
3009363,61.175964
3009364,1533.3136
3009365,244.9702
3009366,3502.7905
3009367,442.7534
3009368,49.335777
3009369,58.425938
3009370,0.0
3009371,114.64294
3009372,12338.635
3009373,2.3638525
3009374,1901.565
3009375,52.824024
3009376,3152.8887
3009377,3533.9675
3009378,985.4492
3009379,417.7395
3009380,329.5899
3009381,13639.588
3009382,81.47518
3009383,21.797915
3009384,244.2163
3009385,175.16818
3009386,8.970411
3009387,1145.9573
3009388,487.73767
3009389,47.152584
3009390,346.78897
3009391,380.06116
3009392,38.54777
3009393,1067.4712
3009394,1340.0933
3009395,32.62871
3009396,59.92756
3009397,1628.5214
3009398,337.86673
3009399,6745.918
3009400,732.14935
3009401,87.89559
3009402,33.914352
3009403,0.0
3009404,0.0
3009405,7598.242
3009406,7.7313256
3009407,1456.7664
3009408,28.312428
3009409,2927.8247
3009410,2542.6174
3009411,983.53564
3009412,315.53088
3009413,322.18353
3009414,11686.02
3009415,56.963543
3009416,3.7946622
3009417,106.86181
3009418,60.199085
3009419,1.9381074
3009420,1031.4459
3009421,241.89153
3009422,22.641014
3009423,49.735893
3009424,98.96878
3009425,16.478924
3009426,1179.8828
3009427,1115.9598
3009428,13.356004
3009429,113.58917
3009430,1341.9008
3009431,241.20853
3009432,1994.4098
3009433,499.36127
3009434,63.383965
3009435,24.276949
3009436,0.0
3009437,34.460964
3009438,10234.484
3009439,0.0
3009440,1859.6865
3009441,18.675028
3009442,2295.5576
3009443,3023.974
3009444,690.32965
3009445,467.32916
3009446,312.5462
3009447,9363.853
3009448,47.32616
3009449,0.0
3009450,114.05436
3009451,138.68677
3009452,0.0
3009453,837.5453
3009454,409.68127
3009455,13.003611
3009456,341.5376
3009457,261.92093
3009458,6.841521
3009459,717.42474
3009460,752.3706
3009461,1.9647727
3009462,25.778563
3009463,1093.1077
3009464,284.70447
3009465,9527.398
3009466,695.2851
3009467,53.74656
3009468,0.0
3009469,0.0
3009470,0.0
3009471,2139.4285
3009472,0.0
3009473,430.3701
3009474,0.0
3009475,962.1131
3009476,745.67676
3009477,159.13013
3009478,210.00996
3009479,138.32472
3009480,2985.9392
3009481,0.0
3009482,0.0
3009483,0.0
3009484,0.0
3009485,0.0
3009486,181.11125
3009487,0.0
3009488,0.0
3009489,0.0
3009490,0.0
3009491,0.0
3009492,365.6177
3009493,113.17066
3009494,0.0
3009495,0.0
3009496,348.08105
3009497,83.756714
3009498,1524.5593
3009499,0.0
3009500,0.0
3009501,8.5982065
3009502,0.0
3009503,2.7454977
3009504,5878.77
3009505,0.0
3009506,997.27026
3009507,2.9962754
3009508,1831.672
3009509,1607.1567
3009510,608.84625
3009511,215.23636
3009512,261.03564
3009513,7828.162
3009514,31.647366
3009515,0.0
3009516,0.0
3009517,26.360397
3009518,0.0
3009519,571.4279
3009520,6.268188
3009521,0.0
3009522,4.236267
3009523,1.0291494
3009524,0.0
3009525,640.22406
3009526,633.9682
3009527,0.0
3009528,10.099811
3009529,646.06433
3009530,150.2066
3009531,2627.594
3009532,336.65744
3009533,38.06778
3009534,27.171024
3009535,0.0
3009536,7.9235363
3009537,6155.9126
3009538,0.0
3009539,1298.0972
3009540,21.569092
3009541,1707.1102
3009542,1979.4647
3009543,409.54382
3009544,359.3922
3009545,293.02185
3009546,5986.207
3009547,43.374317
3009548,0.0
3009549,39.47056
3009550,59.504932
3009551,0.0
3009552,508.92157
3009553,25.670588
3009554,15.897677
3009555,22.809082
3009556,54.38226
3009557,4.631629
3009558,658.3931
3009559,484.66397
3009560,10.420467
3009561,0.0
3009562,794.27655
3009563,171.43875
3009564,5480.7173
3009565,8.628963
3009566,56.640625
3009567,0.0
3009568,0.0
3009569,0.0
3009570,5426.127
3009571,0.0
3009572,964.5056
3009573,0.0
3009574,1170.4064
3009575,1450.4056
3009576,508.8627
3009577,135.12408
3009578,100.469826
3009579,6516.688
3009580,20.61925
3009581,14.216552
3009582,0.3546332
3009583,23.234015
3009584,0.0
3009585,463.81793
3009586,7.991002
3009587,10.712298
3009588,0.0
3009589,79.53099
3009590,2.8178544
3009591,195.10776
3009592,581.81445
3009593,11.4054365
3009594,1.0937375
3009595,188.38292
3009596,85.14641
3009597,4213.5024
3009598,0.0
3009599,17.524704
3009600,33.475273
3009601,27.606966
3009602,0.0
3009603,3918.247
3009604,32.634804
3009605,700.5097
3009606,19.847675
3009607,1580.8517
3009608,794.9584
3009609,410.29617
3009610,156.5394
3009611,136.79195
3009612,4169.282
3009613,46.13215
3009614,29.138693
3009615,0.0
3009616,0.0
3009617,25.641554
3009618,358.7515
3009619,28.420706
3009620,31.957663
3009621,25.823027
3009622,0.0
3009623,32.49917
3009624,299.5617
3009625,389.78674
3009626,37.7981
3009627,28.33845
3009628,225.30493
3009629,122.06844
3009630,2341.3638
3009631,28.663004
3009632,48.073578
3009633,0.15072745
3009634,0.0
3009635,0.0
3009636,6587.6577
3009637,0.0
3009638,665.78296
3009639,0.0
3009640,1821.3984
3009641,286.23694
3009642,276.06128
3009643,71.82937
3009644,18.48681
3009645,4515.441
3009646,0.0
3009647,0.0
3009648,0.0
3009649,11.848022
3009650,0.0
3009651,343.43784
3009652,0.0
3009653,0.0
3009654,0.0
3009655,0.0
3009656,0.0
3009657,88.90346
3009658,282.09552
3009659,4.4735575
3009660,0.0
3009661,135.30739
3009662,88.7439
3009663,581.9494
3009664,0.0
3009665,14.74903
3009666,32.890533
3009667,9.580213
3009668,49.82211
3009669,5242.201
3009670,14.732545
3009671,939.1808
3009672,33.732765
3009673,1492.9333
3009674,1551.4419
3009675,563.60187
3009676,278.4694
3009677,188.30302
3009678,6006.2437
3009679,46.461243
3009680,23.492207
3009681,110.64135
3009682,46.233402
3009683,10.301981
3009684,460.1615
3009685,35.8439
3009686,27.204441
3009687,250.77715
3009688,315.17596
3009689,19.075006
3009690,499.25546
3009691,588.622
3009692,20.47081
3009693,33.501865
3009694,778.43085
3009695,152.21614
3009696,3163.7266
3009697,13.26779
3009698,49.207355
3009699,0.0
3009700,0.0
3009701,3.2797189
3009702,4040.3105
3009703,0.0
3009704,747.3246
3009705,0.0
3009706,833.71924
3009707,1242.1202
3009708,84.816696
3009709,270.54272
3009710,165.47954
3009711,3170.32
3009712,0.0
3009713,0.0
3009714,48.72319
3009715,0.0
3009716,0.0
3009717,240.4223
3009718,0.0
3009719,0.0
3009720,6.874183
3009721,34.59598
3009722,0.0
3009723,451.2888
3009724,191.17375
3009725,0.0
3009726,0.0
3009727,664.1467
3009728,137.546
3009729,4889.89
3009730,0.0
3009731,0.0
3009732,36.92732
3009733,10.85573
3009734,97.131775
3009735,6160.649
3009736,15.991975
3009737,1054.4518
3009738,37.769554
3009739,1452.5686
3009740,1893.9684
3009741,392.8169
3009742,359.6656
3009743,166.57481
3009744,5855.877
3009745,50.49804
3009746,26.178474
3009747,62.256138
3009748,107.38831
3009749,14.338775
3009750,503.17603
3009751,39.880688
3009752,31.241257
3009753,96.93895
3009754,222.05147
3009755,19.00458
3009756,485.1102
3009757,486.02496
3009758,16.821295
3009759,37.538654
3009760,691.58307
3009761,199.01942
3009762,5301.079
3009763,17.304586
3009764,50.068703
3009765,21.20984
3009766,0.0
3009767,53.781357
3009768,4888.2114
3009769,0.0
3009770,815.5597
3009771,22.052082
3009772,2042.2626
3009773,1208.6427
3009774,796.47205
3009775,279.06265
3009776,78.0718
3009777,8154.6284
3009778,0.0
3009779,10.460986
3009780,114.60064
3009781,50.19268
3009782,0.0
3009783,617.2086
3009784,24.163216
3009785,15.523743
3009786,119.60558
3009787,209.45471
3009788,3.2870972
3009789,343.85266
3009790,635.54193
3009791,10.647344
3009792,21.821186
3009793,614.7587
3009794,89.98909
3009795,1678.9216
3009796,209.21182
3009797,34.351215
3009798,0.0
3009799,0.0
3009800,0.0
3009801,1910.8849
3009802,0.0
3009803,387.04547
3009804,0.0
3009805,539.2721
3009806,618.82666
3009807,155.41678
3009808,131.02257
3009809,61.35861
3009810,2481.6443
3009811,0.0
3009812,0.0
3009813,0.0
3009814,9.002989
3009815,0.0
3009816,221.875
3009817,0.0
3009818,0.0
3009819,0.0
3009820,37.828194
3009821,0.0
3009822,252.80783
3009823,192.68866
3009824,0.0
3009825,4.8811073
3009826,250.64322
3009827,50.13308
3009828,2079.4067
3009829,0.0
3009830,0.0
3009831,0.0
3009832,0.0
3009833,0.0
3009834,1359.6196
3009835,0.0
3009836,89.28481
3009837,0.0
3009838,655.67847
3009839,200.11066
3009840,281.43472
3009841,27.462471
3009842,0.0
3009843,2525.7178
3009844,0.0
3009845,0.0
3009846,0.0
3009847,0.0
3009848,0.0
3009849,180.925
3009850,0.0
3009851,0.0
3009852,0.0
3009853,0.0
3009854,0.0
3009855,218.94078
3009856,123.31306
3009857,0.0
3009858,0.0
3009859,176.68222
3009860,4.8981624
3009861,351.84467
3009862,0.0
3009863,0.0
3009864,0.0
3009865,0.0
3009866,0.0
3009867,4292.525
3009868,0.0
3009869,613.08954
3009870,0.0
3009871,1709.8802
3009872,623.7434
3009873,562.0059
3009874,399.51044
3009875,25.064367
3009876,6422.884
3009877,1.3668191
3009878,0.0
3009879,78.67166
3009880,132.77205
3009881,0.0
3009882,496.46793
3009883,0.0
3009884,0.0
3009885,0.0
3009886,88.95075
3009887,0.0
3009888,511.81232
3009889,492.7756
3009890,0.0
3009891,0.0
3009892,364.5677
3009893,18.072897
3009894,1130.911
3009895,203.82591
3009896,0.0393264
3009897,0.0
3009898,0.0
3009899,21.897205
3009900,1544.5854
3009901,0.0
3009902,193.53853
3009903,0.0
3009904,763.6551
3009905,402.25223
3009906,285.63104
3009907,165.41078
3009908,8.518126
3009909,3078.2688
3009910,0.0
3009911,0.0
3009912,0.0
3009913,21.510914
3009914,0.0
3009915,260.6963
3009916,0.0
3009917,0.0
3009918,0.0
3009919,0.0
3009920,0.0
3009921,124.89475
3009922,227.48663
3009923,0.0
3009924,0.0
3009925,125.255226
3009926,27.43987
3009927,294.0993
3009928,0.0
3009929,0.0
3009930,0.0
3009931,0.0
3009932,0.0
3009933,1435.9357
3009934,0.0
3009935,141.4246
3009936,0.0
3009937,832.85706
3009938,341.8092
3009939,261.69467
3009940,85.28418
3009941,2.947727
3009942,3031.9846
3009943,0.0
3009944,0.0
3009945,0.3062551
3009946,6.457963
3009947,0.0
3009948,230.76828
3009949,0.0
3009950,0.0
3009951,0.0
3009952,0.0
3009953,0.0
3009954,122.34026
3009955,199.14204
3009956,0.0
3009957,0.0
3009958,84.64997
3009959,24.885338
3009960,288.03146
3009961,0.0
3009962,0.0
3009963,0.0
3009964,0.0
3009965,0.0
3009966,1573.2852
3009967,0.0
3009968,154.5258
3009969,0.0
3009970,1126.7566
3009971,381.89328
3009972,309.5008
3009973,159.48232
3009974,11.028635
3009975,3100.7073
3009976,0.0
3009977,0.0
3009978,3.8584898
3009979,18.482712
3009980,0.0
3009981,274.4145
3009982,0.0
3009983,0.0
3009984,0.0
3009985,0.0
3009986,0.0
3009987,189.38432
3009988,305.35754
3009989,0.0
3009990,0.0
3009991,98.539345
3009992,33.47687
3009993,397.24332
3009994,0.0
3009995,0.0
3009996,0.0
3009997,0.0
3009998,21.500097
3009999,1919.2501
3010000,0.0
3010001,153.82764
3010002,0.0
3010003,1009.35004
3010004,379.31845
3010005,333.5276
3010006,151.64822
3010007,13.659736
3010008,3262.0784
3010009,0.0
3010010,0.0
3010011,0.0
3010012,0.0
3010013,0.0
3010014,292.63235
3010015,0.0
3010016,0.0
3010017,0.0
3010018,0.0
3010019,0.0
3010020,142.82643
3010021,245.81482
3010022,0.0
3010023,0.0
3010024,187.78778
3010025,34.080685
3010026,654.3381
3010027,0.0
3010028,0.0
3010029,0.0
3010030,0.0
3010031,0.0
3010032,1397.4371
3010033,0.0
3010034,131.33354
3010035,0.0
3010036,844.3638
3010037,267.97137
3010038,253.59004
3010039,221.15817
3010040,1.4165075
3010041,2435.7244
3010042,0.0
3010043,0.0
3010044,2.7188864
3010045,8.870603
3010046,0.0
3010047,206.712
3010048,0.0
3010049,0.0
3010050,0.0
3010051,8.645239
3010052,0.0
3010053,98.366875
3010054,159.81161
3010055,0.0
3010056,0.0
3010057,88.92722
3010058,21.837444
3010059,145.95033
3010060,0.0
3010061,0.0
3010062,0.0
3010063,0.0
3010064,71.663994
3010065,3162.7756
3010066,0.0
3010067,378.56204
3010068,0.0
3010069,1097.367
3010070,652.9554
3010071,547.2313
3010072,303.5772
3010073,20.395811
3010074,4843.358
3010075,0.0
3010076,0.0
3010077,80.666275
3010078,92.49179
3010079,0.0
3010080,393.4034
3010081,0.0
3010082,0.0
3010083,136.5489
3010084,92.266426
3010085,0.0
3010086,158.1057
3010087,349.3658
3010088,0.0
3010089,0.0
3010090,332.7814
3010091,27.112919
3010092,293.89172
3010093,165.33595
3010094,0.0
3010095,0.0
3010096,0.0
3010097,45.008335
3010098,2226.9167
3010099,0.0
3010100,443.7578
3010101,0.0
3010102,599.0463
3010103,447.2877
3010104,241.54556
3010105,376.9913
3010106,0.0
3010107,3023.7493
3010108,0.0
3010109,0.0
3010110,0.0
3010111,0.0
3010112,0.0
3010113,223.72598
3010114,0.0
3010115,0.0
3010116,53.19227
3010117,33.409203
3010118,0.0
3010119,88.16307
3010120,235.15955
3010121,0.0
3010122,0.0
3010123,198.01445
3010124,15.21872
3010125,1162.5604
3010126,76.141815
3010127,0.0
3010128,0.0
3010129,0.0
3010130,0.0
3010131,2652.0793
3010132,0.0
3010133,286.98953
3010134,0.0
3010135,1041.9974
3010136,356.4176
3010137,346.08627
3010138,154.65965
3010139,2.9639614
3010140,3720.9004
3010141,0.0
3010142,0.0
3010143,0.0
3010144,0.0
3010145,0.0
3010146,209.36494
3010147,0.0
3010148,0.0
3010149,0.0
3010150,0.0
3010151,0.0
3010152,91.5974
3010153,224.412
3010154,0.0
3010155,0.0
3010156,100.24499
3010157,18.653044
3010158,518.14087
3010159,25.341871
3010160,0.0
3010161,0.0
3010162,0.0
3010163,44.525246
3010164,2864.3298
3010165,0.0
3010166,597.2591
3010167,0.0
3010168,711.57513
3010169,788.74945
3010170,232.88301
3010171,144.18416
3010172,65.59571
3010173,3784.2588
3010174,0.0
3010175,0.0
3010176,0.0
3010177,59.39458
3010178,0.0
3010179,328.79147
3010180,0.0
3010181,0.0
3010182,63.08403
3010183,74.026405
3010184,0.0
3010185,378.97684
3010186,336.40466
3010187,0.0
3010188,0.0
3010189,406.15494
3010190,69.596825
3010191,2309.4014
3010192,0.0
3010193,0.0
3010194,0.0
3010195,0.0
3010196,57.8658
3010197,3306.959
3010198,0.0
3010199,404.7993
3010200,0.0
3010201,1307.3807
3010202,685.1606
3010203,540.54095
3010204,423.27264
3010205,18.207018
3010206,5093.6885
3010207,0.0
3010208,0.0
3010209,10.766142
3010210,78.69357
3010211,0.0
3010212,365.0759
3010213,0.0
3010214,0.0
3010215,0.0
3010216,77.87046
3010217,0.0
3010218,135.41034
3010219,335.72278
3010220,0.0
3010221,0.0
3010222,121.67437
3010223,40.082447
3010224,704.23083
3010225,153.80403
3010226,0.0
3010227,0.0
3010228,0.0
3010229,51.47135
3010230,2705.6982
3010231,0.0
3010232,431.88773
3010233,0.0
3010234,1247.3049
3010235,488.62646
3010236,397.78592
3010237,395.3005
3010238,27.039288
3010239,4209.2725
3010240,0.0
3010241,0.0
3010242,7.2469916
3010243,116.37141
3010244,0.0
3010245,349.52368
3010246,0.0
3010247,0.0
3010248,0.0
3010249,129.52924
3010250,0.0
3010251,98.75345
3010252,314.19467
3010253,0.0
3010254,56.19001
3010255,115.3467
3010256,36.563316
3010257,713.7724
3010258,0.0
3010259,0.0
3010260,0.0
3010261,0.0
3010262,0.0
3010263,1574.9991
3010264,0.0
3010265,174.85565
3010266,0.0
3010267,738.80023
3010268,250.94145
3010269,156.92445
3010270,108.846855
3010271,1.3795965
3010272,2661.4036
3010273,0.0
3010274,0.0
3010275,0.0
3010276,0.0
3010277,0.0
3010278,158.53224
3010279,0.0
3010280,0.0
3010281,0.0
3010282,0.0
3010283,0.0
3010284,68.41149
3010285,97.86716
3010286,0.0
3010287,0.0
3010288,85.00475
3010289,6.221358
3010290,413.93628
3010291,0.0
3010292,0.0
3010293,0.0
3010294,0.0
3010295,0.0
3010296,1419.6066
3010297,0.0
3010298,240.47585
3010299,0.0
3010300,545.12787
3010301,491.96722
3010302,168.84628
3010303,64.52742
3010304,30.379576
3010305,2169.4998
3010306,0.0
3010307,0.0
3010308,0.0
3010309,0.0
3010310,0.0
3010311,152.9085
3010312,0.0
3010313,0.0
3010314,0.0
3010315,0.0
3010316,0.0
3010317,459.79446
3010318,102.31372
3010319,0.0
3010320,0.0
3010321,246.94482
3010322,30.33343
3010323,890.9547
3010324,0.0
3010325,0.0
3010326,0.0
3010327,0.0
3010328,269.50198
3010329,3427.691
3010330,0.0
3010331,833.91675
3010332,0.0
3010333,940.71814
3010334,1285.7214
3010335,518.3414
3010336,105.198166
3010337,41.13031
3010338,3739.7861
3010339,0.0
3010340,0.0
3010341,283.11868
3010342,279.32724
3010343,0.0
3010344,542.2057
3010345,0.0
3010346,0.0
3010347,0.0
3010348,267.96832
3010349,0.0
3010350,376.8372
3010351,551.4247
3010352,0.0
3010353,0.0
3010354,295.73822
3010355,36.339203
3010356,3114.155
3010357,0.0
3010358,0.0
3010359,0.0
3010360,0.0
3010361,0.0
3010362,2022.102
3010363,0.0
3010364,337.9791
3010365,0.0
3010366,432.93173
3010367,445.47614
3010368,141.25636
3010369,77.44117
3010370,16.834059
3010371,1409.2046
3010372,0.0
3010373,0.0
3010374,0.0
3010375,6.2808604
3010376,0.0
3010377,84.28898
3010378,0.0
3010379,0.0
3010380,0.0
3010381,18.336473
3010382,0.0
3010383,197.26239
3010384,84.607376
3010385,0.0
3010386,0.0
3010387,134.90414
3010388,4.655436
3010389,1299.108
3010390,0.0
3010391,0.0
3010392,0.0
3010393,0.0
3010394,0.0
3010395,1086.4232
3010396,0.0
3010397,124.52072
3010398,0.0
3010399,257.03827
3010400,193.76802
3010401,75.60986
3010402,74.6659
3010403,12.527973
3010404,1252.0173
3010405,0.0
3010406,0.0
3010407,0.0
3010408,0.0
3010409,0.0
3010410,75.40961
3010411,0.0
3010412,0.0
3010413,0.0
3010414,0.0
3010415,0.0
3010416,228.24002
3010417,128.63875
3010418,0.0
3010419,0.0
3010420,194.24455
3010421,1.8801926
3010422,481.98462
3010423,0.0
3010424,0.0
3010425,0.78149194
3010426,0.0
3010427,82.79063
3010428,3061.6318
3010429,0.0
3010430,666.1955
3010431,2.0720754
3010432,830.3864
3010433,885.23914
3010434,384.0537
3010435,146.85442
3010436,56.50557
3010437,3264.109
3010438,7.353948
3010439,0.0
3010440,92.23286
3010441,87.77763
3010442,0.0
3010443,314.18066
3010444,0.0
3010445,0.42833525
3010446,0.0
3010447,185.08978
3010448,0.0
3010449,192.99754
3010450,312.44846
3010451,6.390449
3010452,0.0
3010453,226.86945
3010454,51.589363
3010455,2358.2903
3010456,0.0
3010457,7.093683
3010458,0.0
3010459,0.0
3010460,0.0
3010461,3395.8281
3010462,0.0
3010463,637.6774
3010464,0.0
3010465,1104.9789
3010466,819.0373
3010467,411.23227
3010468,555.36865
3010469,39.404144
3010470,4426.527
3010471,0.0
3010472,0.0
3010473,103.71177
3010474,77.001175
3010475,0.0
3010476,317.69672
3010477,0.0
3010478,0.0
3010479,0.0
3010480,125.73289
3010481,0.0
3010482,161.24684
3010483,351.96054
3010484,0.0
3010485,0.0
3010486,271.4513
3010487,44.132095
3010488,1199.1093
3010489,0.0
3010490,0.0
3010491,0.0
3010492,0.0
3010493,0.0
3010494,2928.6697
3010495,0.0
3010496,550.995
3010497,0.0
3010498,913.0608
3010499,620.6956
3010500,347.81927
3010501,527.94824
3010502,11.273818
3010503,3798.102
3010504,0.0
3010505,0.0
3010506,62.926903
3010507,0.0
3010508,0.0
3010509,314.81058
3010510,0.0
3010511,0.0
3010512,0.0
3010513,90.82611
3010514,0.0
3010515,97.802414
3010516,308.82333
3010517,0.0
3010518,0.0
3010519,76.69559
3010520,18.280443
3010521,801.9216
3010522,0.0
3010523,0.0
3010524,7.7041845
3010525,0.0
3010526,104.492
3010527,7307.861
3010528,0.0
3010529,1237.9839
3010530,16.894499
3010531,1834.1912
3010532,1974.6991
3010533,456.55258
3010534,379.8144
3010535,215.35214
3010536,7524.6416
3010537,46.297665
3010538,0.0
3010539,53.36039
3010540,132.40872
3010541,0.0
3010542,615.4356
3010543,21.391674
3010544,34.04965
3010545,31.116814
3010546,175.77512
3010547,1.8006246
3010548,593.9883
3010549,634.6505
3010550,0.0
3010551,14.805616
3010552,953.60034
3010553,199.37643
3010554,7097.9863
3010555,0.0
3010556,54.70654
3010557,0.0
3010558,0.0
3010559,0.0
3010560,1624.0604
3010561,0.0
3010562,177.61926
3010563,0.0
3010564,559.88916
3010565,322.83194
3010566,188.32997
3010567,258.02377
3010568,3.4521866
3010569,1959.3735
3010570,0.0
3010571,0.0
3010572,0.0
3010573,0.0
3010574,0.0
3010575,153.91896
3010576,0.0
3010577,0.0
3010578,0.0
3010579,0.0
3010580,0.0
3010581,69.52368
3010582,165.58807
3010583,0.0
3010584,0.0
3010585,68.873924
3010586,10.458827
3010587,306.11163
3010588,0.0
3010589,0.0
3010590,0.0
3010591,0.0
3010592,0.0
3010593,2930.8857
3010594,0.0
3010595,432.30032
3010596,0.0
3010597,1256.8799
3010598,653.3466
3010599,352.07886
3010600,401.69968
3010601,38.49392
3010602,4335.252
3010603,0.0
3010604,0.0
3010605,91.88806
3010606,111.74181
3010607,0.0
3010608,349.01306
3010609,0.0
3010610,0.0
3010611,0.0
3010612,115.39227
3010613,0.0
3010614,212.01382
3010615,348.97528
3010616,0.0
3010617,0.0
3010618,102.43358
3010619,44.01849
3010620,811.30853
3010621,0.0
3010622,0.0
3010623,0.0
3010624,0.0
3010625,0.0
3010626,1209.0531
3010627,0.0
3010628,104.12775
3010629,0.0
3010630,565.39246
3010631,142.44086
3010632,67.648315
3010633,354.0486
3010634,0.0
3010635,2026.3436
3010636,0.0
3010637,0.0
3010638,0.0
3010639,0.0
3010640,0.0
3010641,70.93579
3010642,0.0
3010643,0.0
3010644,0.0
3010645,0.0
3010646,0.0
3010647,108.39062
3010648,59.22648
3010649,0.0
3010650,0.0
3010651,56.44192
3010652,0.0
3010653,148.94298
3010654,0.0
3010655,0.0
3010656,0.0
3010657,0.0
3010658,0.0
3010659,2121.8208
3010660,0.0
3010661,343.489
3010662,0.0
3010663,946.86536
3010664,452.24982
3010665,282.6045
3010666,351.34018
3010667,27.466852
3010668,3138.8748
3010669,0.0
3010670,0.0
3010671,38.169632
3010672,53.64511
3010673,0.0
3010674,279.5388
3010675,0.0
3010676,0.0
3010677,0.0
3010678,5.1374607
3010679,0.0
3010680,171.20549
3010681,269.3684
3010682,0.0
3010683,0.0
3010684,122.72313
3010685,18.517902
3010686,785.9669
3010687,0.0
3010688,0.0
3010689,0.0
3010690,0.0
3010691,0.0
3010692,2778.2502
3010693,0.0
3010694,679.152
3010695,0.0
3010696,789.2936
3010697,600.95245
3010698,307.09766
3010699,366.38495
3010700,39.9266
3010701,3941.4001
3010702,0.0
3010703,0.0
3010704,9.332738
3010705,58.284256
3010706,0.0
3010707,287.6409
3010708,0.0
3010709,0.0
3010710,0.0
3010711,9.776602
3010712,0.0
3010713,158.39311
3010714,315.3447
3010715,0.0
3010716,0.0
3010717,107.68553
3010718,23.157032
3010719,355.99994
3010720,0.0
3010721,0.0
3010722,0.0
3010723,0.0
3010724,0.0
3010725,1625.744
3010726,0.0
3010727,87.27364
3010728,0.0
3010729,499.83142
3010730,209.99504
3010731,136.87938
3010732,162.35815
3010733,3.3247557
3010734,2184.4915
3010735,0.0
3010736,0.0
3010737,0.0
3010738,0.0
3010739,0.0
3010740,131.81516
3010741,0.0
3010742,0.0
3010743,0.0
3010744,0.0
3010745,0.0
3010746,147.41888
3010747,114.98591
3010748,0.0
3010749,0.0
3010750,72.42366
3010751,10.660532
3010752,372.7149
3010753,0.0
3010754,0.0
3010755,0.0
3010756,0.0
3010757,0.0
3010758,3215.334
3010759,0.0
3010760,486.01538
3010761,0.0
3010762,889.4063
3010763,605.5949
3010764,287.95688
3010765,404.66812
3010766,48.768337
3010767,3986.1885
3010768,0.0
3010769,0.0
3010770,0.4036011
3010771,62.26828
3010772,0.0
3010773,291.66602
3010774,0.0
3010775,0.0
3010776,0.0
3010777,70.29688
3010778,0.0
3010779,153.41862
3010780,281.51343
3010781,0.0
3010782,0.0
3010783,98.75644
3010784,17.74007
3010785,1149.3309
3010786,0.0
3010787,0.0
3010788,0.0
3010789,0.0
3010790,90.49496
3010791,2847.5872
3010792,0.0
3010793,590.1589
3010794,0.0
3010795,920.5348
3010796,852.9174
3010797,233.89748
3010798,120.44852
3010799,71.500465
3010800,3337.8413
3010801,2.9726875
3010802,0.0
3010803,17.902994
3010804,96.97554
3010805,0.0
3010806,335.89554
3010807,0.0
3010808,0.0
3010809,0.0
3010810,116.26276
3010811,0.0
3010812,160.47638
3010813,326.67926
3010814,0.0
3010815,0.0
3010816,136.337
3010817,67.494
3010818,2586.2212
3010819,0.0
3010820,0.0
3010821,0.0
3010822,0.0
3010823,23.284288
3010824,2321.6562
3010825,0.0
3010826,493.30502
3010827,0.0
3010828,872.15045
3010829,725.176
3010830,168.178
3010831,92.61612
3010832,56.948875
3010833,2926.017
3010834,0.0
3010835,0.0
3010836,32.546383
3010837,40.767475
3010838,0.0
3010839,308.92957
3010840,0.0
3010841,0.0
3010842,0.0
3010843,80.11308
3010844,0.0
3010845,132.64403
3010846,313.6674
3010847,0.0
3010848,0.0
3010849,108.504524
3010850,40.57067
3010851,1841.9442
3010852,0.0
3010853,0.0
3010854,0.0
3010855,0.0
3010856,0.0
3010857,3779.4656
3010858,0.0
3010859,707.95685
3010860,0.0
3010861,1513.1718
3010862,897.0662
3010863,286.34268
3010864,1149.943
3010865,39.86904
3010866,5610.1646
3010867,0.0
3010868,0.0
3010869,9.7709465
3010870,58.413338
3010871,0.0
3010872,364.4579
3010873,0.0
3010874,0.0
3010875,40.275776
3010876,91.2621
3010877,0.0
3010878,332.36115
3010879,374.70645
3010880,0.0
3010881,0.0
3010882,128.20497
3010883,43.908115
3010884,1390.6095
3010885,68.75997
3010886,0.0
3010887,0.0
3010888,0.0
3010889,0.0
3010890,2620.9358
3010891,0.0
3010892,345.5782
3010893,0.0
3010894,692.5362
3010895,624.4527
3010896,140.19127
3010897,171.73679
3010898,79.35599
3010899,3269.0007
3010900,0.0
3010901,0.0
3010902,0.0
3010903,0.0
3010904,0.0
3010905,271.15237
3010906,0.0
3010907,0.0
3010908,0.0
3010909,10.723632
3010910,0.0
3010911,288.13727
3010912,208.77194
3010913,0.0
3010914,0.0
3010915,376.48123
3010916,57.760975
3010917,2193.177
3010918,0.0
3010919,0.0
3010920,0.0
3010921,0.0
3010922,0.0
3010923,4928.605
3010924,0.0
3010925,559.97424
3010926,0.0
3010927,1739.6105
3010928,661.40466
3010929,327.28207
3010930,374.3164
3010931,32.79167
3010932,6518.4126
3010933,0.0
3010934,0.0
3010935,43.1149
3010936,0.0
3010937,0.0
3010938,402.14487
3010939,0.0
3010940,0.0
3010941,0.0
3010942,68.44741
3010943,0.0
3010944,142.21417
3010945,401.8419
3010946,0.0
3010947,0.0
3010948,194.87427
3010949,34.111305
3010950,1123.3856
3010951,0.0
3010952,0.0
3010953,0.0
3010954,0.0
3010955,26.886206
3010956,2760.0098
3010957,0.0
3010958,560.47675
3010959,0.0
3010960,922.07935
3010961,648.67535
3010962,237.80733
3010963,106.43854
3010964,60.348732
3010965,3244.4568
3010966,0.0
3010967,0.0
3010968,0.0
3010969,36.365356
3010970,0.0
3010971,234.67987
3010972,0.0
3010973,0.0
3010974,0.0
3010975,62.73853
3010976,0.0
3010977,166.31792
3010978,288.89667
3010979,0.0
3010980,26.852434
3010981,118.419815
3010982,29.644045
3010983,1695.8007
3010984,0.0
3010985,0.0
3010986,0.0
3010987,0.0
3010988,124.12378
3010989,2671.7688
3010990,0.0
3010991,597.8164
3010992,0.0
3010993,821.4196
3010994,786.31836
3010995,272.62845
3010996,108.70232
3010997,32.43942
3010998,2869.0166
3010999,4.2651186
3011000,0.0
3011001,0.49004108
3011002,98.853584
3011003,0.0
3011004,346.43997
3011005,0.0
3011006,0.0
3011007,71.22398
3011008,166.34264
3011009,0.0
3011010,150.12743
3011011,357.01346
3011012,0.0
3011013,0.0
3011014,120.68356
3011015,45.10958
3011016,2653.1147
3011017,0.0
3011018,0.0
3011019,0.0
3011020,0.0
3011021,25.69729
3011022,4643.422
3011023,0.0
3011024,564.5813
3011025,0.0
3011026,1147.2887
3011027,706.8341
3011028,291.08908
3011029,393.81247
3011030,29.771559
3011031,4384.999
3011032,0.0
3011033,0.0
3011034,26.955362
3011035,35.17644
3011036,0.0
3011037,237.45624
3011038,0.0
3011039,0.0
3011040,0.0
3011041,44.727047
3011042,0.0
3011043,130.21909
3011044,288.295
3011045,0.0
3011046,0.0
3011047,129.93564
3011048,42.23102
3011049,937.3108
3011050,0.0
3011051,0.0
3011052,0.0
3011053,0.0
3011054,37.169514
3011055,8393.836
3011056,0.0
3011057,1537.4918
3011058,0.0
3011059,2187.1501
3011060,2233.5955
3011061,546.4769
3011062,433.9713
3011063,262.75677
3011064,8859.255
3011065,14.223844
3011066,0.0
3011067,65.19687
3011068,185.60646
3011069,0.0
3011070,626.8236
3011071,210.53699
3011072,0.0
3011073,207.10367
3011074,261.2321
3011075,0.0
3011076,680.3733
3011077,552.15875
3011078,0.0
3011079,73.14594
3011080,993.0241
3011081,259.71704
3011082,8763.687
3011083,393.45453
3011084,28.448494
3011085,0.0
3011086,0.0
3011087,88.92395
3011088,7732.1787
3011089,0.0
3011090,1356.8115
3011091,0.0
3011092,2223.706
3011093,1881.0043
3011094,614.32117
3011095,275.81793
3011096,246.25528
3011097,10124.521
3011098,7.9682846
3011099,0.0
3011100,14.125843
3011101,145.15768
3011102,0.0
3011103,622.72675
3011104,140.95795
3011105,0.0
3011106,166.65508
3011107,200.488
3011108,0.0
3011109,806.59515
3011110,676.8714
3011111,0.0
3011112,0.0
3011113,1017.8039
3011114,223.04224
3011115,5957.3755
3011116,437.26437
3011117,13.554057
3011118,0.0
3011119,0.0
3011120,0.0
3011121,5124.906
3011122,0.0
3011123,958.007
3011124,0.0
3011125,1925.6212
3011126,1261.285
3011127,667.6869
3011128,159.00119
3011129,142.16321
3011130,8342.05
3011131,0.0
3011132,0.0
3011133,0.0
3011134,0.0
3011135,0.0
3011136,479.98975
3011137,0.0
3011138,0.0
3011139,0.0
3011140,0.0
3011141,0.0
3011142,873.60657
3011143,605.3497
3011144,0.0
3011145,0.0
3011146,776.7959
3011147,99.26255
3011148,2178.4495
3011149,176.13806
3011150,0.0
3011151,0.0
3011152,0.0
3011153,128.18826
3011154,7470.837
3011155,0.0
3011156,1268.7421
3011157,0.0
3011158,2103.1978
3011159,1855.4894
3011160,619.78754
3011161,223.48473
3011162,135.48425
3011163,8932.922
3011164,6.2627063
3011165,0.0
3011166,36.86136
3011167,162.72127
3011168,0.0
3011169,657.59814
3011170,186.18835
3011171,0.0
3011172,299.21753
3011173,226.3244
3011174,0.0
3011175,628.4942
3011176,813.3791
3011177,0.0
3011178,0.0
3011179,889.937
3011180,163.72244
3011181,4877.644
3011182,503.38663
3011183,12.840951
3011184,0.0
3011185,0.0
3011186,0.0
3011187,3998.8855
3011188,0.0
3011189,850.59534
3011190,0.0
3011191,1743.6036
3011192,756.27856
3011193,498.17328
3011194,123.4398
3011195,95.25751
3011196,6011.784
3011197,0.0
3011198,0.0
3011199,0.0
3011200,0.0
3011201,0.0
3011202,502.4178
3011203,15.554548
3011204,0.0
3011205,0.0
3011206,24.171394
3011207,0.0
3011208,659.99255
3011209,566.7406
3011210,0.0
3011211,0.0
3011212,705.39716
3011213,82.371475
3011214,1701.5651
3011215,283.72464
3011216,0.0
3011217,0.0
3011218,0.0
3011219,83.03087
3011220,6838.12
3011221,0.0
3011222,1469.1534
3011223,0.0
3011224,1672.3679
3011225,2155.1396
3011226,453.50247
3011227,308.9934
3011228,154.4731
3011229,7240.532
3011230,25.251534
3011231,0.0
3011232,64.65327
3011233,215.62819
3011234,0.0
3011235,490.6198
3011236,231.03345
3011237,0.0
3011238,0.0
3011239,271.16946
3011240,0.0
3011241,546.44403
3011242,661.1196
3011243,0.0
3011244,0.0
3011245,696.6241
3011246,205.16032
3011247,7263.4473
3011248,510.6177
3011249,31.829763
3011250,0.0
3011251,0.0
3011252,0.0
3011253,1933.7892
3011254,0.0
3011255,371.84354
3011256,0.0
3011257,785.74
3011258,409.68558
3011259,210.63385
3011260,133.23378
3011261,80.90879
3011262,2727.1204
3011263,0.0
3011264,0.0
3011265,0.0
3011266,8.625232
3011267,0.0
3011268,190.6089
3011269,0.0
3011270,0.0
3011271,0.0
3011272,0.6649388
3011273,0.0
3011274,262.5452
3011275,232.22142
3011276,0.0
3011277,0.0
3011278,223.8421
3011279,51.458893
3011280,1553.8528
3011281,0.0
3011282,0.0
3011283,0.0
3011284,0.0
3011285,33.432423
3011286,4102.034
3011287,0.0
3011288,694.85675
3011289,0.0
3011290,1500.4338
3011291,724.20026
3011292,402.73566
3011293,111.54087
3011294,107.84344
3011295,5876.635
3011296,0.0
3011297,0.0
3011298,0.0
3011299,67.58732
3011300,0.0
3011301,389.55527
3011302,18.24509
3011303,0.0
3011304,0.0
3011305,66.06504
3011306,0.0
3011307,490.035
3011308,466.66928
3011309,0.0
3011310,0.0
3011311,426.14804
3011312,58.244865
3011313,1858.6599
3011314,249.85301
3011315,0.0
3011316,0.0
3011317,0.0
3011318,34.239746
3011319,4490.5957
3011320,0.0
3011321,912.5723
3011322,0.0
3011323,1456.2334
3011324,1266.6932
3011325,292.79407
3011326,223.83292
3011327,132.75598
3011328,5201.823
3011329,0.0
3011330,0.0
3011331,2.7066529
3011332,90.33719
3011333,0.0
3011334,316.77545
3011335,0.0
3011336,0.0
3011337,0.0
3011338,103.130905
3011339,0.0
3011340,515.7374
3011341,382.16153
3011342,0.0
3011343,0.0
3011344,684.4312
3011345,87.00999
3011346,4848.7383
3011347,0.0
3011348,12.396316
3011349,0.0
3011350,0.0
3011351,116.329796
3011352,3712.463
3011353,0.0
3011354,835.33374
3011355,0.0
3011356,961.204
3011357,800.2665
3011358,363.6727
3011359,52.85269
3011360,26.23171
3011361,5619.498
3011362,0.0
3011363,0.0
3011364,141.9637
3011365,113.52196
3011366,0.0
3011367,275.4398
3011368,0.0
3011369,0.0
3011370,0.0
3011371,115.266235
3011372,0.0
3011373,140.36717
3011374,429.48157
3011375,0.0
3011376,0.0
3011377,93.36369
3011378,50.80736
3011379,3853.8252
3011380,0.0
3011381,1.9940464
3011382,0.0
3011383,0.0
3011384,40.275795
3011385,2550.7769
3011386,0.0
3011387,552.0177
3011388,0.0
3011389,1038.5669
3011390,322.53632
3011391,241.61293
3011392,48.054077
3011393,23.33786
3011394,3070.6423
3011395,0.0
3011396,0.0
3011397,0.0
3011398,23.382227
3011399,0.0
3011400,256.41016
3011401,0.0
3011402,0.0
3011403,0.0
3011404,48.03242
3011405,0.0
3011406,186.75868
3011407,273.98636
3011408,0.0
3011409,0.0
3011410,88.56508
3011411,46.00876
3011412,1471.9321
3011413,0.0
3011414,0.0
3011415,0.0
3011416,0.0
3011417,0.0
3011418,3142.4055
3011419,0.0
3011420,318.74698
3011421,0.0
3011422,1283.3539
3011423,258.16232
3011424,190.41399
3011425,145.57065
3011426,0.0
3011427,3519.6445
3011428,0.0
3011429,0.0
3011430,0.0
3011431,0.0
3011432,0.0
3011433,237.589
3011434,0.0
3011435,0.0
3011436,0.0
3011437,0.0
3011438,0.0
3011439,23.00514
3011440,245.26523
3011441,0.0
3011442,0.0
3011443,33.803474
3011444,32.531788
3011445,627.2964
3011446,0.0
3011447,0.0
3011448,0.0
3011449,0.0
3011450,33.89293
3011451,3482.886
3011452,0.0
3011453,546.7284
3011454,0.0
3011455,970.8402
3011456,811.57886
3011457,358.23557
3011458,153.58241
3011459,101.257256
3011460,4358.2
3011461,0.0
3011462,0.0
3011463,28.321293
3011464,75.36898
3011465,0.0
3011466,345.86057
3011467,0.0
3011468,0.0
3011469,84.88532
3011470,99.95788
3011471,0.0
3011472,362.66565
3011473,343.88324
3011474,0.0
3011475,0.0
3011476,508.1477
3011477,71.80734
3011478,2466.7478
3011479,0.0
3011480,0.0
3011481,3.6320562
3011482,0.0
3011483,83.956184
3011484,4144.549
3011485,0.0
3011486,780.0014
3011487,0.8278856
3011488,994.1166
3011489,1389.693
3011490,274.8175
3011491,250.93694
3011492,126.892235
3011493,4267.6753
3011494,18.476797
3011495,0.0
3011496,56.450565
3011497,73.66821
3011498,0.0
3011499,368.20724
3011500,7.8594575
3011501,0.0
3011502,9.33351
3011503,143.94383
3011504,0.0
3011505,411.34586
3011506,354.77005
3011507,0.0
3011508,5.517429
3011509,538.9596
3011510,128.3449
3011511,5001.6675
3011512,0.0
3011513,17.318718
3011514,0.0
3011515,0.0
3011516,72.65124
3011517,4032.071
3011518,0.0
3011519,851.125
3011520,0.0
3011521,1127.8735
3011522,1341.0005
3011523,356.6626
3011524,232.69835
3011525,82.2421
3011526,4378.7207
3011527,5.0515285
3011528,0.0
3011529,70.010185
3011530,92.193344
3011531,0.0
3011532,437.942
3011533,0.0
3011534,0.0
3011535,105.54863
3011536,120.171745
3011537,0.0
3011538,379.7386
3011539,424.2316
3011540,0.0
3011541,0.0
3011542,500.967
3011543,124.38959
3011544,4260.137
3011545,0.0
3011546,3.7240362
3011547,0.0
3011548,0.0
3011549,20.112373
3011550,3443.451
3011551,0.0
3011552,601.9232
3011553,0.0
3011554,1355.9603
3011555,667.33234
3011556,577.4665
3011557,352.57474
3011558,28.256704
3011559,5910.938
3011560,0.0
3011561,0.0
3011562,4.7904096
3011563,75.09009
3011564,0.0
3011565,467.0522
3011566,0.0
3011567,0.0
3011568,43.426746
3011569,151.90111
3011570,0.0
3011571,288.2676
3011572,452.44086
3011573,0.0
3011574,0.0
3011575,388.94485
3011576,38.854565
3011577,1323.1566
3011578,135.2019
3011579,0.0
3011580,0.0
3011581,0.0
3011582,0.0
3011583,1643.2347
3011584,0.0
3011585,360.87137
3011586,0.0
3011587,537.62274
3011588,622.4865
3011589,163.77386
3011590,121.030235
3011591,56.598236
3011592,2554.0615
3011593,0.0
3011594,0.0
3011595,0.0
3011596,0.5984286
3011597,0.0
3011598,230.73329
3011599,0.0
3011600,0.0
3011601,0.0
3011602,26.662199
3011603,0.0
3011604,246.17737
3011605,176.94606
3011606,0.0
3011607,0.0
3011608,267.384
3011609,43.502678
3011610,1744.4845
3011611,0.0
3011612,0.0
3011613,0.0
3011614,0.0
3011615,0.0
3011616,761.0729
3011617,0.0
3011618,36.20735
3011619,0.0
3011620,506.51273
3011621,134.49796
3011622,277.0639
3011623,29.373617
3011624,0.0
3011625,2152.8738
3011626,0.0
3011627,0.0
3011628,0.0
3011629,0.0
3011630,0.0
3011631,138.65048
3011632,0.0
3011633,0.0
3011634,0.0
3011635,0.0
3011636,0.0
3011637,219.01634
3011638,79.747955
3011639,0.0
3011640,0.0
3011641,175.00888
3011642,4.973767
3011643,156.60336
3011644,0.0
3011645,0.0
3011646,0.0
3011647,0.0
3011648,52.111332
3011649,3935.139
3011650,0.0
3011651,561.6168
3011652,0.0
3011653,1520.3273
3011654,558.7656
3011655,526.6239
3011656,140.96404
3011657,27.010012
3011658,6081.3076
3011659,1.4424179
3011660,0.0
3011661,64.792885
3011662,68.88961
3011663,0.0
3011664,456.61426
3011665,0.0
3011666,34.13997
3011667,0.0
3011668,125.48024
3011669,0.0
3011670,511.88788
3011671,448.08374
3011672,0.0
3011673,0.0
3011674,362.89438
3011675,18.148504
3011676,2195.0005
3011677,178.29579
3011678,0.11492607
3011679,0.0
3011680,0.0
3011681,0.0
3011682,1311.0347
3011683,0.0
3011684,142.06601
3011685,0.0
3011686,695.1977
3011687,312.19943
3011688,251.07289
3011689,73.29883
3011690,10.463772
3011691,2529.6436
3011692,0.0
3011693,0.0
3011694,1.4804528
3011695,0.0
3011696,0.0
3011697,214.08287
3011698,0.0
3011699,0.0
3011700,0.0
3011701,0.0
3011702,0.0
3011703,124.970375
3011704,181.66797
3011705,0.0
3011706,0.0
3011707,123.58194
3011708,27.515478
3011709,541.47644
3011710,0.0
3011711,0.0
3011712,0.0
3011713,0.0
3011714,0.0
3011715,1239.5679
3011716,0.0
3011717,91.90264
3011718,0.0
3011719,671.29724
3011720,266.581
3011721,229.63141
3011722,52.267338
3011723,4.8933754
3011724,2659.144
3011725,0.0
3011726,0.0
3011727,0.0
3011728,0.0
3011729,0.0
3011730,197.73334
3011731,0.0
3011732,0.0
3011733,0.0
3011734,0.0
3011735,0.0
3011736,122.41583
3011737,155.57686
3011738,0.0
3011739,0.0
3011740,82.976685
3011741,24.960945
3011742,185.01913
3011743,0.0
3011744,0.0
3011745,0.0
3011746,0.0
3011747,0.0
3011748,1260.4192
3011749,0.0
3011750,104.46062
3011751,0.0
3011752,1015.35693
3011753,317.48846
3011754,269.09918
3011755,64.2921
3011756,12.974279
3011757,2818.8103
3011758,0.0
3011759,0.0
3011760,7.693211
3011761,0.0
3011762,0.0
3011763,249.06715
3011764,0.0
3011765,0.0
3011766,0.0
3011767,9.800022
3011768,0.0
3011769,189.45988
3011770,260.66574
3011771,0.0
3011772,0.0
3011773,96.86606
3011774,33.55249
3011775,501.0644
3011776,0.0
3011777,0.0
3011778,0.0
3011779,0.0
3011780,0.0
3011781,1592.5646
3011782,0.0
3011783,109.618614
3011784,0.0
3011785,859.7046
3011786,300.4767
3011787,309.34204
3011788,66.923164
3011789,15.605381
3011790,2815.5588
3011791,0.0
3011792,0.0
3011793,10.324308
3011794,3.4758933
3011795,0.0
3011796,253.90536
3011797,0.0
3011798,0.0
3011799,0.0
3011800,0.0
3011801,0.0
3011802,105.92932
3011803,201.12288
3011804,0.0
3011805,0.0
3011806,99.49716
3011807,74.78389
3011808,1429.6857
3011809,0.0
3011810,0.0
3011811,0.0
3011812,0.0
3011813,0.0
3011814,1161.1891
3011815,0.0
3011816,79.861046
3011817,0.0
3011818,749.5245
3011819,200.4083
3011820,246.19983
3011821,100.40959
3011822,3.362157
3011823,1988.886
3011824,0.0
3011825,0.0
3011826,0.0
3011827,0.0
3011828,0.0
3011829,203.178
3011830,0.0
3011831,0.0
3011832,0.0
3011833,0.0
3011834,0.0
3011835,98.44248
3011836,141.4759
3011837,0.0
3011838,0.0
3011839,87.25394
3011840,21.913052
3011841,808.9472
3011842,0.0
3011843,0.0
3011844,0.0
3011845,0.0
3011846,61.79996
3011847,2942.111
3011848,0.0
3011849,319.42438
3011850,0.0
3011851,936.90674
3011852,535.23413
3011853,511.8497
3011854,188.5466
3011855,22.341467
3011856,4378.1245
3011857,0.0
3011858,0.0
3011859,66.78745
3011860,0.0
3011861,0.0
3011862,355.80322
3011863,0.0
3011864,0.0
3011865,50.12011
3011866,83.80913
3011867,0.0
3011868,158.18129
3011869,297.0089
3011870,0.0
3011871,0.0
3011872,203.71391
3011873,27.188528
3011874,2137.8015
3011875,124.4177
3011876,0.0
3011877,0.0
3011878,0.0
3011879,7.859564
3011880,2108.753
3011881,0.0
3011882,395.23056
3011883,0.0
3011884,475.14133
3011885,422.8795
3011886,209.109
3011887,134.60611
3011888,4.4206114
3011889,2587.678
3011890,0.0
3011891,0.0
3011892,12.847028
3011893,20.913431
3011894,0.0
3011895,187.94446
3011896,0.0
3011897,0.0
3011898,29.709898
3011899,25.201338
3011900,0.0
3011901,91.184006
3011902,184.62135
3011903,0.0
3011904,0.0
3011905,107.91168
3011906,18.23967
3011907,2950.923
3011908,60.756462
3011909,0.0
3011910,0.0
3011911,0.0
3011912,10.703965
3011913,2323.4507
3011914,0.0
3011915,225.62985
3011916,0.0
3011917,896.06067
3011918,322.59937
3011919,306.72052
3011920,96.998314
3011921,7.8549337
3011922,2930.6228
3011923,0.0
3011924,0.0
3011925,0.0
3011926,0.0
3011927,0.0
3011928,190.56073
3011929,0.0
3011930,0.0
3011931,0.0
3011932,0.0
3011933,0.0
3011934,94.61833
3011935,170.26031
3011936,0.0
3011937,0.0
3011938,101.517044
3011939,21.674
3011940,377.13034
3011941,9.9337
3011942,0.0
3011943,0.0
3011944,0.0
3011945,6.0121584
3011946,2610.659
3011947,0.0
3011948,564.6848
3011949,0.0
3011950,691.5523
3011951,701.5967
3011952,214.69423
3011953,134.19174
3011954,60.835346
3011955,3233.385
3011956,0.0
3011957,0.0
3011958,0.0
3011959,0.0
3011960,0.0
3011961,294.33832
3011962,0.0
3011963,0.0
3011964,0.0
3011965,56.95019
3011966,0.0
3011967,372.3464
3011968,272.29626
3011969,0.0
3011970,0.0
3011971,396.89777
3011972,62.966434
3011973,1952.256
3011974,0.0
3011975,0.0
3011976,0.0
3011977,0.0
3011978,50.94715
3011979,2804.941
3011980,0.0
3011981,357.39905
3011982,0.0
3011983,1179.1389
3011984,577.5495
3011985,508.10458
3011986,126.93348
3011987,23.097996
3011988,4279.8066
3011989,0.0
3011990,0.0
3011991,17.546177
3011992,64.00104
3011993,0.0
3011994,328.16763
3011995,0.0
3011996,71.72696
3011997,39.267235
3011998,72.358475
3011999,0.0
3012000,138.43126
3012001,298.37415
3012002,0.0
3012003,0.0
3012004,122.946434
3012005,43.1034
3012006,1606.9982
3012007,120.431946
3012008,0.0
3012009,0.0
3012010,0.0
3012011,44.55271
3012012,2593.6172
3012013,0.0
3012014,384.4872
3012015,0.0
3012016,1080.2341
3012017,509.74548
3012018,365.34937
3012019,158.41054
3012020,31.9303
3012021,3745.5671
3012022,2.6119688
3012023,0.0
3012024,49.540173
3012025,99.13394
3012026,0.0
3012027,312.61536
3012028,0.0
3012029,57.832047
3012030,0.0
3012031,109.37643
3012032,0.0
3012033,101.77438
3012034,284.85345
3012035,0.0
3012036,94.49306
3012037,116.61876
3012038,39.584267
3012039,1770.0656
3012040,0.0
3012041,0.0
3012042,0.0
3012043,0.0
3012044,0.0
3012045,1357.3265
3012046,0.0
3012047,113.52476
3012048,0.0
3012049,668.9381
3012050,209.1555
3012051,125.31159
3012052,49.198803
3012053,6.2705755
3012054,2323.2996
3012055,0.0
3012056,0.0
3012057,0.0
3012058,0.0
3012059,0.0
3012060,91.48574
3012061,0.0
3012062,0.0
3012063,0.0
3012064,0.0
3012065,0.0
3012066,71.43243
3012067,56.120514
3012068,0.0
3012069,0.0
3012070,86.27682
3012071,9.2422905
3012072,1040.1357
3012073,0.0
3012074,0.0
3012075,0.0
3012076,0.0
3012077,0.0
3012078,1220.6564
3012079,0.0
3012080,193.31993
3012081,0.0
3012082,450.78632
3012083,436.5091
3012084,137.23343
3012085,63.643246
3012086,35.27056
3012087,1931.8323
3012088,0.0
3012089,0.0
3012090,7.7971973
3012091,0.0
3012092,0.0
3012093,125.54308
3012094,0.0
3012095,0.0
3012096,0.0
3012097,0.0
3012098,0.0
3012099,514.3955
3012100,60.567036
3012101,0.0
3012102,0.0
3012103,248.2168
3012104,33.35439
3012105,667.71704
3012106,0.0
3012107,0.0
3012108,0.0
3012109,0.0
3012110,248.41411
3012111,3345.128
3012112,0.0
3012113,786.51624
3012114,0.0
3012115,854.12964
3012116,1198.8505
3012117,484.7779
3012118,104.31396
3012119,46.0213
3012120,3607.94
3012121,0.0
3012122,0.0
3012123,258.01617
3012124,318.20676
3012125,0.0
3012126,506.4241
3012127,0.0
3012128,0.0
3012129,0.0
3012130,305.59518
3012131,0.0
3012132,240.4454
3012133,509.67828
3012134,0.0
3012135,0.0
3012136,297.01022
3012137,39.360153
3012138,2938.7407
3012139,0.0
3012140,0.0
3012141,0.0
3012142,0.0
3012143,0.0
3012144,1747.3024
3012145,0.0
3012146,316.87354
3012147,0.0
3012148,325.90564
3012149,391.9559
3012150,91.985504
3012151,76.749466
3012152,21.917538
3012153,1307.687
3012154,0.0
3012155,0.0
3012156,0.0
3012157,0.0
3012158,0.0
3012159,55.758057
3012160,0.0
3012161,0.0
3012162,0.0
3012163,59.90368
3012164,0.0
3012165,200.47578
3012166,53.574814
3012167,0.0
3012168,0.0
3012169,136.36867
3012170,7.868889
3012171,1130.8657
3012172,0.0
3012173,0.0
3012174,0.0
3012175,0.0
3012176,0.0
3012177,906.60486
3012178,0.0
3012179,102.20489
3012180,0.0
3012181,170.44994
3012182,165.34085
3012183,82.98618
3012184,73.974236
3012185,17.611471
3012186,1157.6364
3012187,0.0
3012188,0.0
3012189,0.0
3012190,0.0
3012191,0.0
3012192,43.85687
3012193,0.0
3012194,0.0
3012195,0.0
3012196,0.0
3012197,0.0
3012198,197.70056
3012199,0.0
3012200,0.0
3012201,0.0
3012202,133.59341
3012203,5.0936475
3012204,211.3256
3012205,0.0
3012206,0.0
3012207,2.3236322
3012208,0.0
3012209,0.0
3012210,2676.3506
3012211,0.0
3012212,620.73285
3012213,5.2855287
3012214,657.22064
3012215,815.1433
3012216,351.5682
3012217,146.16273
3012218,61.589073
3012219,3062.388
3012220,10.567396
3012221,1.4361507
3012222,30.264162
3012223,72.477806
3012224,1.0712801
3012225,280.3369
3012226,2.5745668
3012227,3.6417882
3012228,2.4506168
3012229,180.82214
3012230,0.0
3012231,196.21097
3012232,272.6397
3012233,7.932585
3012234,2.4670582
3012235,228.33394
3012236,54.802834
3012237,2184.8137
3012238,2.577335
3012239,10.307132
3012240,0.0
3012241,0.0
3012242,54.285408
3012243,2940.9836
3012244,0.0
3012245,592.21466
3012246,0.0
3012247,1068.4972
3012248,749.72784
3012249,380.73325
3012250,228.03123
3012251,44.487648
3012252,4293.228
3012253,3.1101308
3012254,0.0
3012255,74.03466
3012256,62.501106
3012257,0.0
3012258,284.7375
3012259,0.0
3012260,62.152863
3012261,0.0
3012262,157.48433
3012263,0.0
3012264,164.46024
3012265,326.03976
3012266,0.47531825
3012267,0.0
3012268,255.20245
3012269,47.345566
3012270,2645.467
3012271,0.0
3012272,2.8498693
3012273,0.0
3012274,0.0
3012275,62.700462
3012276,2742.6118
3012277,0.0
3012278,515.7833
3012279,25.412178
3012280,838.8162
3012281,647.8146
3012282,317.32028
3012283,206.18253
3012284,16.357317
3012285,3664.8027
3012286,0.0
3012287,0.0
3012288,52.185978
3012289,0.0
3012290,0.0
3012291,280.9668
3012292,0.0
3012293,74.636665
3012294,0.0
3012295,75.08521
3012296,0.0
3012297,101.0159
3012298,290.6935
3012299,0.0
3012300,0.0
3012301,78.16018
3012302,21.493895
3012303,2679.086
3012304,0.0
3012305,0.0
3012306,0.0
3012307,0.0
3012308,108.98151
3012309,6891.097
3012310,0.0
3012311,1176.0127
3012312,5.753347
3012313,1721.0553
3012314,1799.0168
3012315,412.12518
3012316,365.3112
3012317,206.08096
3012318,7146.023
3012319,35.156513
3012320,0.0
3012321,63.515263
3012322,71.66069
3012323,0.0
3012324,566.5364
3012325,10.25053
3012326,22.908497
3012327,127.54028
3012328,154.18817
3012329,0.0
3012330,582.84705
3012331,528.05316
3012332,0.0
3012333,3.6644564
3012334,944.34314
3012335,188.23523
3012336,6408.489
3012337,0.0
3012338,43.56539
3012339,0.0
3012340,0.0
3012341,0.0
3012342,1492.5447
3012343,0.0
3012344,140.73343
3012345,0.0
3012346,439.75812
3012347,292.92807
3012348,142.67834
3012349,120.027374
3012350,8.53568
3012351,1911.9517
3012352,0.0
3012353,0.0
3012354,0.0
3012355,0.0
3012356,0.0
3012357,134.91914
3012358,0.0
3012359,0.0
3012360,0.0
3012361,0.0
3012362,0.0
3012363,72.73715
3012364,126.60293
3012365,0.0
3012366,0.0
3012367,70.33849
3012368,13.672262
3012369,1168.8102
3012370,0.0
3012371,0.0
3012372,0.0
3012373,0.0
3012374,0.0
3012375,2625.648
3012376,0.0
3012377,410.92386
3012378,0.0
3012379,1223.5132
3012380,599.82654
3012381,322.40384
3012382,243.68288
3012383,43.57743
3012384,4260.7573
3012385,0.0
3012386,0.0
3012387,22.693232
3012388,96.441986
3012389,0.0
3012390,314.0425
3012391,0.0
3012392,68.94001
3012393,0.0
3012394,105.04195
3012395,0.0
3012396,215.22725
3012397,320.47083
3012398,0.0
3012399,0.0
3012400,103.89816
3012401,47.23196
3012402,2286.7441
3012403,0.0
3012404,2.7362196
3012405,0.0
3012406,0.0
3012407,0.0
3012408,1077.5364
3012409,0.0
3012410,57.93616
3012411,0.0
3012412,423.4787
3012413,86.61338
3012414,42.806316
3012415,101.139206
3012416,0.0
3012417,2082.2212
3012418,0.0
3012419,0.0
3012420,0.0
3012421,0.0
3012422,0.0
3012423,59.316658
3012424,0.0
3012425,0.0
3012426,0.0
3012427,0.0
3012428,0.0
3012429,111.604065
3012430,22.161901
3012431,0.0
3012432,0.0
3012433,57.906498
3012434,1.2402368
3012435,215.75548
3012436,0.0
3012437,0.0
3012438,0.0
3012439,0.0
3012440,0.0
3012441,1833.0903
3012442,0.0
3012443,294.89523
3012444,0.0
3012445,862.8546
3012446,408.02957
3012447,249.79857
3012448,179.00757
3012449,32.55037
3012450,2825.2043
3012451,0.0
3012452,0.0
3012453,11.666172
3012454,0.0
3012455,0.0
3012456,239.05345
3012457,0.0
3012458,0.0
3012459,0.0
3012460,19.534105
3012461,0.0
3012462,174.41888
3012463,234.23323
3012464,0.0
3012465,0.0
3012466,124.18771
3012467,21.731352
3012468,2028.2249
3012469,0.0
3012470,0.0
3012471,0.0
3012472,0.0
3012473,0.0
3012474,2536.5579
3012475,0.0
3012476,618.57043
3012477,0.0
3012478,752.79675
3012479,532.99677
3012480,266.5387
3012481,183.64673
3012482,45.01012
3012483,3726.937
3012484,0.0
3012485,0.0
3012486,16.305313
3012487,44.23174
3012488,0.0
3012489,250.66617
3012490,0.0
3012491,2.5223598
3012492,0.0
3012493,52.831673
3012494,0.0
3012495,161.60654
3012496,264.73996
3012497,0.0
3012498,0.0
3012499,109.15011
3012500,26.370485
3012501,1314.1345
3012502,0.0
3012503,0.0
3012504,0.0
3012505,0.0
3012506,0.0
3012507,1426.306
3012508,0.0
3012509,58.82284
3012510,0.0
3012511,450.20007
3012512,158.46126
3012513,51.609467
3012514,122.42917
3012515,8.408244
3012516,1760.3765
3012517,0.0
3012518,0.0
3012519,0.0
3012520,0.0
3012521,0.0
3012522,94.84027
3012523,0.0
3012524,0.0
3012525,0.0
3012526,0.0
3012527,0.0
3012528,148.12761
3012529,65.60171
3012530,0.0
3012531,0.0
3012532,71.38351
3012533,11.369278
3012534,658.8784
3012535,0.0
3012536,0.0
3012537,0.0
3012538,0.0
3012539,0.0
3012540,2975.7913
3012541,0.0
3012542,448.98773
3012543,0.0
3012544,825.3713
3012545,554.23505
3012546,236.06738
3012547,163.39574
3012548,53.851833
3012549,3847.5771
3012550,0.0
3012551,0.0
3012552,4.871447
3012553,60.33128
3012554,0.0
3012555,253.56471
3012556,0.0
3012557,32.942913
3012558,0.0
3012559,91.329926
3012560,0.0
3012561,154.12735
3012562,248.50017
3012563,0.0
3012564,0.0
3012565,97.71628
3012566,18.448818
3012567,3005.4368
3012568,0.0
3012569,0.0
3012570,0.0
3012571,0.0
3012572,48.132164
3012573,2618.096
3012574,0.0
3012575,532.91486
3012576,0.0
3012577,827.48584
3012578,811.4772
3012579,197.76306
3012580,117.252144
3012581,76.58397
3012582,3201.8828
3012583,3.6814296
3012584,0.0
3012585,22.37085
3012586,64.09124
3012587,0.0
3012588,296.71362
3012589,0.0
3012590,0.0
3012591,0.0
3012592,125.584435
3012593,0.0
3012594,161.18507
3012595,268.8038
3012596,0.0
3012597,0.0
3012598,135.29675
3012599,68.20273
3012600,2407.1099
3012601,0.0
3012602,0.0
3012603,0.0
3012604,0.0
3012605,21.169064
3012606,2127.6663
3012607,0.0
3012608,444.85278
3012609,0.0
3012610,778.8577
3012611,679.09546
3012612,182.49915
3012613,89.419754
3012614,62.03238
3012615,2780.6638
3012616,0.0
3012617,0.0
3012618,16.169817
3012619,20.631779
3012620,0.0
3012621,262.4238
3012622,0.0
3012623,0.0
3012624,0.0
3012625,58.51495
3012626,0.0
3012627,133.35272
3012628,259.43127
3012629,0.0
3012630,0.0
3012631,107.46426
3012632,41.279438
3012633,1702.373
3012634,0.0
3012635,0.0
3012636,0.0
3012637,0.0
3012638,0.0
3012639,3439.451
3012640,0.0
3012641,635.2349
3012642,0.0
3012643,1301.5953
3012644,703.5684
3012645,234.73036
3012646,290.58878
3012647,44.128693
3012648,4871.7153
3012649,0.0
3012650,0.0
3012651,13.41497
3012652,37.453827
3012653,0.0
3012654,320.79688
3012655,0.0
3012656,18.42198
3012657,0.0
3012658,68.80527
3012659,0.0
3012660,332.24603
3012661,304.9922
3012662,0.0
3012663,0.0
3012664,126.34087
3012665,43.79304
3012666,2898.78
3012667,51.064842
3012668,0.0
3012669,0.0
3012670,0.0
3012671,0.0
3012672,2233.3003
3012673,0.0
3012674,281.37173
3012675,0.0
3012676,596.99854
3012677,490.96912
3012678,106.26755
3012679,161.12808
3012680,73.97931
3012681,2793.5652
3012682,0.0
3012683,0.0
3012684,0.0
3012685,0.0
3012686,0.0
3012687,137.91965
3012688,0.0
3012689,0.0
3012690,0.0
3012691,0.0
3012692,0.0
3012693,280.89044
3012694,143.57492
3012695,0.0
3012696,0.0
3012697,367.48563
3012698,50.514282
3012699,1846.5975
3012700,0.0
3012701,0.0
3012702,0.0
3012703,0.0
3012704,0.0
3012705,4408.15
3012706,0.0
3012707,487.2527
3012708,0.0
3012709,1552.9481
3012710,584.73926
3012711,286.6567
3012712,170.16878
3012713,37.05133
3012714,6001.2275
3012715,0.0
3012716,0.0
3012717,25.914501
3012718,0.0
3012719,0.0
3012720,337.04843
3012721,0.0
3012722,0.0
3012723,0.0
3012724,13.042168
3012725,0.0
3012726,142.09906
3012727,349.71115
3012728,0.0
3012729,0.0
3012730,172.16579
3012731,33.996212
3012732,2598.0928
3012733,0.0
3012734,0.0
3012735,0.0
3012736,0.0
3012737,20.528492
3012738,2242.6292
3012739,0.0
3012740,484.11584
3012741,0.0
3012742,806.0295
3012743,574.04156
3012744,187.32144
3012745,103.24215
3012746,64.6084
3012747,2916.5884
3012748,0.0
3012749,0.0
3012750,1.8703133
3012751,0.0
3012752,0.0
3012753,210.0193
3012754,0.0
3012755,0.0
3012756,0.0
3012757,50.195873
3012758,0.0
3012759,166.2028
3012760,254.35344
3012761,0.0
3012762,5.8929467
3012763,116.55581
3012764,29.528954
3012765,1515.8652
3012766,0.0
3012767,0.0
3012768,0.0
3012769,0.0
3012770,70.24664
3012771,2410.3232
3012772,0.0
3012773,519.15283
3012774,0.0
3012775,648.22626
3012776,666.65704
3012777,215.07385
3012778,99.56377
3012779,36.69907
3012780,2625.988
3012781,0.0
3012782,0.0
3012783,0.0
3012784,71.951904
3012785,0.0
3012786,301.31583
3012787,0.0
3012788,0.0
3012789,0.0
3012790,116.98025
3012791,0.0
3012792,144.0701
3012793,284.14713
3012794,0.0
3012795,0.0
3012796,112.877396
3012797,39.052326
3012798,2467.2375
3012799,0.0
3012800,0.0
3012801,0.0
3012802,0.0
3012803,0.0
3012804,4035.8293
3012805,0.0
3012806,474.88248
3012807,0.0
3012808,963.1318
3012809,595.762
3012810,221.37244
3012811,145.51035
3012812,34.031208
3012813,3510.4595
3012814,0.0
3012815,0.0
3012816,0.0
3012817,0.0
3012818,0.0
3012819,183.50389
3012820,0.0
3012821,0.0
3012822,0.0
3012823,64.06529
3012824,0.0
3012825,124.1618
3012826,201.6033
3012827,0.0
3012828,0.0
3012829,122.12948
3012830,36.17376
3012831,1835.7616
3012832,0.0
3012833,0.0
3012834,0.0
3012835,0.0
3012836,0.0
3012837,7781.4194
3012838,0.0
3012839,1440.2388
3012840,0.0
3012841,2009.4308
3012842,1959.6171
3012843,466.6932
3012844,414.72717
3012845,256.91098
3012846,8096.2935
3012847,0.0
3012848,0.0
3012849,20.913553
3012850,134.8932
3012851,0.0
3012852,554.9554
3012853,142.88663
3012854,0.0
3012855,139.45328
3012856,222.33409
3012857,0.0
3012858,664.21045
3012859,463.06497
3012860,0.0
3012861,0.0
3012862,975.86566
3012863,243.55457
3012864,8364.262
3012865,323.18964
3012866,12.285746
3012867,0.0
3012868,0.0
3012869,15.071449
3012870,6347.483
3012871,0.0
3012872,1192.3468
3012873,0.0
3012874,1985.9913
3012875,1545.4846
3012876,476.1392
3012877,251.89886
3012878,235.73451
3012879,8541.74
3012880,0.0
3012881,0.0
3012882,0.0
3012883,73.29814
3012884,0.0
3012885,545.94025
3012886,66.97942
3012887,0.0
3012888,217.211
3012889,142.7178
3012890,0.0
3012891,785.75726
3012892,502.35226
3012893,0.0
3012894,0.0
3012895,995.97034
3012896,202.20444
3012897,5332.991
3012898,305.45853
3012899,0.0
3012900,0.0
3012901,0.0
3012902,0.0
3012903,4246.2017
3012904,0.0
3012905,847.08136
3012906,0.0
3012907,1819.7577
3012908,975.66376
3012909,542.3004
3012910,135.08208
3012911,131.64235
3012912,7324.754
3012913,0.0
3012914,0.0
3012915,0.0
3012916,0.0
3012917,0.0
3012918,435.66565
3012919,0.0
3012920,0.0
3012921,0.0
3012922,0.0
3012923,0.0
3012924,852.7687
3012925,502.5838
3012926,0.0
3012927,0.0
3012928,716.117
3012929,78.42482
3012930,1554.0662
3012931,92.20079
3012932,0.0
3012933,0.0
3012934,0.0
3012935,54.33575
3012936,6591.819
3012937,0.0
3012938,1116.2557
3012939,0.0
3012940,1883.0438
3012941,1531.9473
3012942,490.44135
3012943,199.56569
3012944,124.96336
3012945,8047.4614
3012946,0.0
3012947,0.0
3012948,0.0
3012949,79.927956
3012950,0.0
3012951,553.1672
3012952,150.88432
3012953,0.0
3012954,225.23927
3012955,170.47292
3012956,0.0
3012957,607.6563
3012958,670.6722
3012959,0.0
3012960,0.0
3012961,868.10345
3012962,142.88466
3012963,4412.3867
3012964,204.73784
3012965,0.0
3012966,0.0
3012967,0.0
3012968,0.0
3012969,3323.1985
3012970,0.0
3012971,700.1404
3012972,0.0
3012973,1516.076
3012974,541.4748
3012975,365.84146
3012976,99.52062
3012977,84.736664
3012978,6003.9814
3012979,0.0
3012980,0.0
3012981,0.0
3012982,0.0
3012983,0.0
3012984,401.3426
3012985,0.0
3012986,0.0
3012987,18.656593
3012988,0.0
3012989,0.0
3012990,639.15466
3012991,450.20087
3012992,0.0
3012993,0.0
3012994,683.5637
3012995,61.533733
3012996,936.61035
3012997,163.89738
3012998,0.0
3012999,0.0
3013000,0.0
3013001,73.38772
3013002,5869.3306
3013003,0.0
3013004,1322.3379
3013005,0.0
3013006,1484.0352
3013007,1831.5973
3013008,324.15656
3013009,285.07446
3013010,143.95226
3013011,6394.0854
3013012,4.4137673
3013013,0.0
3013014,92.69379
3013015,105.73187
3013016,0.0
3013017,429.03558
3013018,114.149475
3013019,0.0
3013020,106.965706
3013021,206.4253
3013022,0.0
3013023,525.6062
3013024,524.07135
3013025,0.0
3013026,0.0
3013027,674.79065
3013028,184.32253
3013029,6426.552
3013030,402.7714
3013031,10.992005
3013032,0.0
3013033,0.0
3013034,0.0
3013035,1590.0071
3013036,0.0
3013037,285.4437
3013038,0.0
3013039,676.2365
3013040,327.0561
3013041,141.87222
3013042,122.6251
3013043,75.53212
3013044,2737.8474
3013045,0.0
3013046,0.0
3013047,0.0
3013048,0.0
3013049,0.0
3013050,209.64915
3013051,0.0
3013052,0.0
3013053,0.0
3013054,5.435264
3013055,0.0
3013056,255.29839
3013057,183.80612
3013058,0.0
3013059,0.0
3013060,247.036
3013061,44.212223
3013062,1223.2577
3013063,0.0
3013064,0.0
3013065,0.0
3013066,0.0
3013067,0.0
3013068,3544.6804
3013069,0.0
3013070,601.9266
3013071,0.0
3013072,1251.2642
3013073,530.6156
3013074,341.6725
3013075,95.588036
3013076,98.6148
3013077,5266.849
3013078,0.0
3013079,0.0
3013080,0.0
3013081,13.325291
3013082,0.0
3013083,311.01535
3013084,0.0
3013085,0.0
3013086,0.0
3013087,28.975306
3013088,0.0
3013089,477.16357
3013090,375.74475
3013091,0.0
3013092,0.0
3013093,388.52496
3013094,45.373314
3013095,1538.1962
3013096,185.79431
3013097,0.0
3013098,0.0
3013099,0.0
3013100,0.0
3013101,3911.8945
3013102,0.0
3013103,832.6794
3013104,0.0
3013105,1136.8528
3013106,1145.0759
3013107,200.25978
3013108,206.40965
3013109,122.056915
3013110,4528.5566
3013111,0.0
3013112,0.0
3013113,62.147007
3013114,41.57051
3013115,0.0
3013116,260.78696
3013117,0.0
3013118,0.0
3013119,0.0
3013120,71.53653
3013121,0.0
3013122,501.39526
3013123,288.986
3013124,0.0
3013125,0.0
3013126,678.296
3013127,72.66806
3013128,4111.428
3013129,0.0
3013130,0.0
3013131,0.0
3013132,0.0
3013133,63.025097
3013134,3728.2483
3013135,0.0
3013136,746.59467
3013137,0.0
3013138,683.6876
3013139,653.16296
3013140,298.27893
3013141,42.51558
3013142,22.6188
3013143,5042.9736
3013144,0.0
3013145,0.0
3013146,0.0
3013147,71.84158
3013148,0.0
3013149,224.68394
3013150,0.0
3013151,0.0
3013152,0.0
3013153,90.75779
3013154,0.0
3013155,133.11128
3013156,354.77805
3013157,0.0
3013158,0.0
3013159,94.31481
3013160,47.30502
3013161,3525.3174
3013162,0.0
3013163,0.0
3013164,0.0
3013165,0.0
3013166,0.0
3013167,1915.3552
3013168,0.0
3013169,447.83078
3013170,0.0
3013171,950.3902
3013172,206.2908
3013173,175.58105
3013174,40.221687
3013175,19.724968
3013176,2752.6536
3013177,0.0
3013178,0.0
3013179,0.0
3013180,0.0
3013181,0.0
3013182,202.96051
3013183,0.0
3013184,0.0
3013185,0.0
3013186,60.83028
3013187,0.0
3013188,182.00749
3013189,197.9867
3013190,0.0
3013191,0.0
3013192,92.02088
3013193,45.01112
3013194,1175.7747
3013195,0.0
3013196,0.0
3013197,0.0
3013198,0.0
3013199,0.0
3013200,2812.7402
3013201,0.0
3013202,239.52173
3013203,0.0
3013204,1056.8009
3013205,198.72536
3013206,151.62402
3013207,52.461845
3013208,0.0
3013209,3179.593
3013210,0.0
3013211,0.0
3013212,0.0
3013213,0.0
3013214,0.0
3013215,186.83307
3013216,0.0
3013217,0.0
3013218,0.0
3013219,26.21918
3013220,0.0
3013221,18.254059
3013222,126.45274
3013223,0.0
3013224,0.0
3013225,37.25928
3013226,31.534176
3013227,863.8747
3013228,0.0
3013229,0.0
3013230,0.0
3013231,0.0
3013232,8.932772
3013233,3219.8088
3013234,0.0
3013235,510.93762
3013236,0.0
3013237,861.33636
3013238,728.9497
3013239,316.31427
3013240,142.97368
3013241,95.88061
3013242,3912.0393
3013243,0.0
3013244,0.0
3013245,7.1202464
3013246,47.863903
3013247,0.0
3013248,302.10886
3013249,0.0
3013250,0.0
3013251,42.733963
3013252,83.85537
3013253,0.0
3013254,355.41888
3013255,281.502
3013256,0.0
3013257,0.0
3013258,485.7965
3013259,64.56063
3013260,2120.1685
3013261,0.0
3013262,0.0
3013263,0.0
3013264,0.0
3013265,44.82681
3013266,3699.8108
3013267,0.0
3013268,719.5027
3013269,0.0
3013270,898.5789
3013271,1217.6445
3013272,231.76973
3013273,240.32823
3013274,121.515564
3013275,3826.9006
3013276,11.2301235
3013277,0.0
3013278,35.249516
3013279,66.82144
3013280,0.0
3013281,296.4945
3013282,0.61277556
3013283,0.0
3013284,60.376347
3013285,117.996574
3013286,0.0
3013287,404.0991
3013288,304.2024
3013289,0.0
3013290,0.0
3013291,516.60834
3013292,121.09819
3013293,4655.0903
3013294,0.0
3013295,10.07204
3013296,0.0
3013297,0.0
3013298,33.521843
3013299,3701.2808
3013300,0.0
3013301,790.6263
3013302,0.0
3013303,1018.3699
3013304,1263.8986
3013305,314.7413
3013306,222.08965
3013307,76.86545
3013308,4042.5762
3013309,0.0
3013310,0.0
3013311,24.767668
3013312,64.68824
3013313,0.0
3013314,392.6758
3013315,0.0
3013316,0.0
3013317,104.46449
3013318,154.47371
3013319,0.0
3013320,372.49182
3013321,390.57974
3013322,0.0
3013323,47.382294
3013324,478.61578
3013325,117.14291
3013326,4012.5566
3013327,0.0
3013328,0.0
3013329,0.0
3013330,0.0
3013331,0.0
3013332,3144.2903
3013333,0.0
3013334,527.8979
3013335,0.0
3013336,1197.0824
3013337,598.7898
3013338,552.97125
3013339,131.19081
3013340,25.011078
3013341,5613.3745
3013342,0.0
3013343,0.0
3013344,3.4338813
3013345,0.0
3013346,0.0
3013347,406.13535
3013348,0.0
3013349,32.818054
3013350,51.447033
3013351,84.344986
3013352,0.0
3013353,283.1519
3013354,407.73846
3013355,0.0
3013356,0.0
3013357,383.1167
3013358,33.738903
3013359,2230.0957
3013360,127.078125
3013361,0.0
3013362,0.0
3013363,0.0
3013364,11.266208
3013365,2248.7903
3013366,0.0
3013367,451.96875
3013368,0.0
3013369,737.1842
3013370,692.46704
3013371,248.40407
3013372,143.64253
3013373,83.33859
3013374,2934.5632
3013375,0.0
3013376,0.0
3013377,0.0
3013378,37.079247
3013379,0.0
3013380,240.92845
3013381,0.0
3013382,19.937767
3013383,0.0
3013384,96.605576
3013385,0.0
3013386,272.42606
3013387,229.6213
3013388,0.0
3013389,0.0
3013390,276.60962
3013391,72.9593
3013392,3763.3691
3013393,0.0
3013394,0.0
3013395,0.0
3013396,0.0
3013397,0.0
3013398,704.57086
3013399,0.0
3013400,80.72809
3013401,0.0
3013402,567.5004
3013403,178.55467
3013404,230.19067
3013405,38.18583
3013406,0.0
3013407,1951.3014
3013408,0.0
3013409,0.0
3013410,0.0
3013411,0.0
3013412,0.0
3013413,110.557396
3013414,0.0
3013415,0.0
3013416,0.0
3013417,0.0
3013418,0.0
3013419,215.15721
3013420,54.553516
3013421,0.0
3013422,0.0
3013423,171.14972
3013424,4.3225026
3013425,0.0
3013426,0.0
3013427,0.0
3013428,0.0
3013429,0.0
3013430,52.142696
3013431,3923.1726
3013432,0.0
3013433,547.3517
3013434,0.0
3013435,1569.2759
3013436,537.494
3013437,506.04697
3013438,149.77626
3013439,30.78026
3013440,5845.7695
3013441,0.0
3013442,0.0
3013443,64.82417
3013444,68.920944
3013445,0.0
3013446,440.67703
3013447,0.0
3013448,0.0
3013449,0.0
3013450,119.131454
3013451,0.0
3013452,508.02875
3013453,468.35138
3013454,0.0
3013455,0.0
3013456,359.03513
3013457,17.497252
3013458,523.1655
3013459,185.16382
3013460,0.0
3013461,0.0
3013462,0.0
3013463,0.0
3013464,1147.704
3013465,0.0
3013466,104.072044
3013467,0.0
3013468,762.7399
3013469,269.1252
3013470,230.89238
3013471,82.111015
3013472,14.23399
3013473,2380.3027
3013474,0.0
3013475,0.0
3013476,0.0
3013477,0.0
3013478,0.0
3013479,196.33514
3013480,0.0
3013481,0.0
3013482,0.0
3013483,0.0
3013484,0.0
3013485,121.11115
3013486,176.73743
3013487,0.0
3013488,0.0
3013489,119.72272
3013490,26.864225
3013491,0.0
3013492,0.0
3013493,0.0
3013494,0.0
3013495,0.0
3013496,0.0
3013497,1183.9893
3013498,0.0
3013499,78.95748
3013500,0.0
3013501,756.3229
3013502,236.13165
3013503,232.6881
3013504,62.003082
3013505,9.587159
3013506,2588.2944
3013507,0.0
3013508,0.0
3013509,0.0
3013510,0.0
3013511,0.0
3013512,182.7197
3013513,0.0
3013514,0.0
3013515,0.0
3013516,11.958706
3013517,0.0
3013518,119.48019
3013519,141.65126
3013520,0.0
3013521,0.0
3013522,80.04103
3013523,25.233267
3013524,0.0
3013525,0.0
3013526,0.0
3013527,0.0
3013528,0.0
3013529,0.0
3013530,1210.5994
3013531,0.0
3013532,99.811714
3013533,0.0
3013534,1083.8226
3013535,323.68192
3013536,264.41022
3013537,74.027824
3013538,17.668076
3013539,2577.1875
3013540,0.0
3013541,0.0
3013542,4.757584
3013543,1.7997291
3013544,0.0
3013545,234.45009
3013546,0.0
3013547,0.0
3013548,0.0
3013549,0.0
3013550,0.0
3013551,186.52429
3013552,258.2407
3013553,0.0
3013554,0.0
3013555,93.930405
3013556,33.824802
3013557,16.964645
3013558,0.0
3013559,0.0
3013560,0.0
3013561,0.0
3013562,0.0
3013563,1545.47
3013564,0.0
3013565,96.67344
3013566,0.0
3013567,861.9765
3013568,357.71756
3013569,292.99063
3013570,54.423042
3013571,52.515194
3013572,2694.6272
3013573,0.0
3013574,0.0
3013575,2.0382867
3013576,4.430821
3013577,0.0
3013578,243.45699
3013579,0.0
3013580,0.0
3013581,0.0
3013582,0.0
3013583,0.0
3013584,102.99365
3013585,198.69783
3013586,0.0
3013587,0.0
3013588,131.31975
3013589,73.4332
3013590,204.96687
3013591,6.8723583
3013592,0.0
3013593,0.0
3013594,0.0
3013595,0.0
3013596,1140.3572
3013597,0.0
3013598,76.99043
3013599,0.0
3013600,823.57184
3013601,149.55154
3013602,199.77498
3013603,110.14537
3013604,8.0559435
3013605,1838.9491
3013606,0.0
3013607,0.0
3013608,0.0
3013609,0.0
3013610,0.0
3013611,194.79669
3013612,0.0
3013613,0.0
3013614,0.0
3013615,14.371326
3013616,0.0
3013617,95.50681
3013618,103.44753
3013619,0.0
3013620,0.0
3013621,84.31828
3013622,22.18537
3013623,0.0
3013624,0.0
3013625,0.0
3013626,0.0
3013627,0.0
3013628,63.96343
3013629,2832.9812
3013630,0.0
3013631,307.2913
3013632,0.0
3013633,1012.3968
3013634,624.5706
3013635,493.4046
3013636,199.49098
3013637,28.243807
3013638,4083.7427
3013639,0.0
3013640,0.0
3013641,8.876248
3013642,77.0173
3013643,0.0
3013644,340.87137
3013645,0.0
3013646,0.0
3013647,118.9506
3013648,99.2011
3013649,0.0
3013650,156.45422
3013651,293.08383
3013652,0.0
3013653,0.0
3013654,201.98683
3013655,28.669386
3013656,637.2784
3013657,122.16023
3013658,0.0
3013659,0.0
3013660,0.0
3013661,10.023044
3013662,1870.2992
3013663,0.0
3013664,383.09747
3013665,0.0
3013666,580.64453
3013667,615.61224
3013668,190.6641
3013669,145.5504
3013670,10.322949
3013671,2168.7463
3013672,0.0
3013673,0.0
3013674,0.0
3013675,0.0
3013676,0.0
3013677,191.51323
3013678,0.0
3013679,0.0
3013680,21.062757
3013681,29.92644
3013682,0.0
3013683,89.456894
3013684,173.03113
3013685,0.0
3013686,0.0
3013687,106.18457
3013688,19.720526
3013689,801.1155
3013690,27.752295
3013691,0.0
3013692,0.0
3013693,0.0
3013694,14.524434
3013695,2304.8464
3013696,0.0
3013697,221.92255
3013698,0.0
3013699,974.42804
3013700,264.54965
3013701,298.0821
3013702,109.5996
3013703,15.414276
3013704,2960.107
3013705,0.0
3013706,0.0
3013707,0.0
3013708,0.0
3013709,0.0
3013710,162.5621
3013711,0.0
3013712,0.0
3013713,0.0
3013714,2.6388254
3013715,0.0
3013716,94.54821
3013717,172.73236
3013718,0.0
3013719,0.0
3013720,101.44692
3013721,24.811846
3013722,114.24349
3013723,27.714483
3013724,0.0
3013725,0.0
3013726,0.0
3013727,17.813244
3013728,2739.6545
3013729,0.0
3013730,576.8196
3013731,0.0
3013732,817.8708
3013733,762.2295
3013734,243.33644
3013735,146.17595
3013736,76.94759
3013737,3544.0632
3013738,0.0
3013739,0.0
3013740,0.0
3013741,42.23239
3013742,0.0
3013743,305.0304
3013744,0.0
3013745,31.456173
3013746,30.188988
3013747,93.957535
3013748,0.0
3013749,387.967
3013750,300.74695
3013751,0.0
3013752,0.0
3013753,421.4933
3013754,81.79493
3013755,3182.0137
3013756,0.0
3013757,0.0
3013758,0.0
3013759,0.0
3013760,0.0
3013761,2945.6653
3013762,0.0
3013763,366.61948
3013764,0.0
3013765,1233.8827
3013766,706.919
3013767,491.31662
3013768,139.5348
3013769,30.657324
3013770,4520.0557
3013771,0.0
3013772,0.0
3013773,59.75511
3013774,67.82151
3013775,0.0
3013776,317.14633
3013777,0.0
3013778,0.0
3013779,0.0
3013780,103.24669
3013781,0.0
3013782,138.36116
3013783,286.859
3013784,0.0
3013785,0.0
3013786,218.65205
3013787,46.241238
3013788,300.3332
3013789,181.40846
3013790,0.0
3013791,0.0
3013792,0.0
3013793,0.0
3013794,2350.7358
3013795,0.0
3013796,374.01114
3013797,0.0
3013798,1140.06
3013799,417.11966
3013800,348.56134
3013801,171.01189
3013802,116.45972
3013803,3785.4902
3013804,2.5418723
3013805,0.0
3013806,13.956962
3013807,92.08798
3013808,0.0
3013809,301.594
3013810,0.0
3013811,0.0
3013812,0.0
3013813,127.703384
3013814,0.0
3013815,101.70428
3013816,271.30685
3013817,0.0
3013818,0.0
3013819,116.54864
3013820,42.7221
3013821,443.72723
3013822,0.0
3013823,0.0
3013824,0.0
3013825,0.0
3013826,0.0
3013827,1330.2861
3013828,0.0
3013829,112.0218
3013830,0.0
3013831,759.4433
3013832,199.71175
3013833,115.24216
3013834,68.12217
3013835,20.152006
3013836,2068.1738
3013837,0.0
3013838,0.0
3013839,0.0
3013840,0.0
3013841,0.0
3013842,117.32113
3013843,0.0
3013844,0.0
3013845,0.0
3013846,0.0
3013847,0.0
3013848,77.68445
3013849,53.636032
3013850,0.0
3013851,0.0
3013852,92.528786
3013853,18.702229
3013854,87.54707
3013855,0.0
3013856,0.0
3013857,0.0
3013858,0.0
3013859,0.0
3013860,1216.8408
3013861,0.0
3013862,189.16614
3013863,0.0
3013864,621.6553
3013865,408.3347
3013866,127.16401
3013867,68.02709
3013868,49.152008
3013869,1878.0631
3013870,2.634126
3013871,0.0
3013872,14.049222
3013873,1.2810168
3013874,0.0
3013875,120.11357
3013876,0.0
3013877,0.0
3013878,0.0
3013879,0.0
3013880,0.0
3013881,520.6474
3013882,65.747635
3013883,0.0
3013884,0.0
3013885,254.46884
3013886,42.814342
3013887,1409.4132
3013888,0.0
3013889,0.0
3013890,0.0
3013891,0.0
3013892,1.0589514
3013893,3663.7356
3013894,0.0
3013895,817.0226
3013896,0.0
3013897,1028.7288
3013898,1210.4237
3013899,474.31192
3013900,108.69777
3013901,59.902687
3013902,3694.3489
3013903,0.0
3013904,0.0
3013905,24.799911
3013906,318.76373
3013907,0.0
3013908,452.3268
3013909,0.0
3013910,294.95297
3013911,0.0
3013912,270.7409
3013913,0.0
3013914,246.69746
3013915,514.8588
3013916,2.4683454
3013917,0.0
3013918,303.26224
3013919,48.82011
3013920,5785.639
3013921,0.0
3013922,0.0
3013923,0.0
3013924,0.0
3013925,0.0
3013926,1967.9071
3013927,0.0
3013928,288.36224
3013929,0.0
3013930,429.4922
3013931,408.35568
3013932,81.519554
3013933,81.1333
3013934,35.79897
3013935,1363.8922
3013936,0.0
3013937,0.0
3013938,0.0
3013939,0.0
3013940,0.0
3013941,50.328583
3013942,0.0
3013943,0.0
3013944,0.0
3013945,80.39936
3013946,0.0
3013947,206.72783
3013948,49.963684
3013949,0.0
3013950,0.0
3013951,142.62071
3013952,17.32884
3013953,2339.6519
3013954,0.0
3013955,0.0
3013956,0.0
3013957,0.0
3013958,0.0
3013959,870.7302
3013960,0.0
3013961,85.486115
3013962,0.0
3013963,316.33362
3013964,174.58383
3013965,30.517704
3013966,74.58508
3013967,27.71993
3013968,1072.3378
3013969,0.0
3013970,0.0
3013971,0.0
3013972,0.0
3013973,0.0
3013974,38.901295
3013975,0.0
3013976,0.0
3013977,0.0
3013978,0.0
3013979,0.0
3013980,200.17963
3013981,0.0
3013982,0.0
3013983,0.0
3013984,136.07251
3013985,10.780618
3013986,1032.3962
3013987,0.0
3013988,0.0
3013989,0.0
3013990,0.0
3013991,58.787792
3013992,2804.293
3013993,0.0
3013994,615.10864
3013995,0.0
3013996,798.4248
3013997,793.32153
3013998,299.2423
3013999,137.4491
3014000,62.373047
3014001,2949.3997
3014002,3.7219548
3014003,0.0
3014004,78.536995
3014005,58.656506
3014006,0.0
3014007,220.44954
3014008,0.0
3014009,90.30732
3014010,0.0
3014011,172.73303
3014012,0.0
3014013,189.36555
3014014,238.7143
3014015,1.0871484
3014016,0.0
3014017,326.57156
3014018,51.16533
3014019,3946.4004
3014020,0.0
3014021,3.461691
3014022,0.0
3014023,0.0
3014024,0.0
3014025,2922.8684
3014026,0.0
3014027,551.12573
3014028,0.0
3014029,1032.2151
3014030,723.07465
3014031,333.4942
3014032,232.51405
3014033,43.92843
3014034,3808.5266
3014035,0.0
3014036,0.0
3014037,69.73657
3014038,0.0
3014039,0.0
3014040,233.72208
3014041,0.0
3014042,0.0
3014043,0.0
3014044,149.79759
3014045,0.0
3014046,156.27162
3014047,278.36572
3014048,0.0
3014049,0.0
3014050,250.90442
3014051,42.364864
3014052,836.45123
3014053,0.0
3014054,0.0
3014055,0.0
3014056,0.0
3014057,65.177734
3014058,2572.4438
3014059,0.0
3014060,461.91077
3014061,0.0
3014062,809.3097
3014063,515.0055
3014064,275.56192
3014065,217.4407
3014066,22.573448
3014067,3348.0667
3014068,0.0
3014069,0.0
3014070,54.663235
3014071,66.37961
3014072,0.0
3014073,237.85316
3014074,0.0
3014075,0.0
3014076,0.0
3014077,105.021034
3014078,0.0
3014079,99.60259
3014080,258.58667
3014081,0.0
3014082,0.0
3014083,76.74687
3014084,23.288551
3014085,446.0396
3014086,0.0
3014087,0.0
3014088,11.689395
3014089,0.0
3014090,93.380295
3014091,6572.4897
3014092,0.0
3014093,1418.4712
3014094,19.605694
3014095,1737.2251
3014096,1853.2192
3014097,512.03687
3014098,377.29535
3014099,220.42496
3014100,7646.3076
3014101,49.00885
3014102,1.6598728
3014103,59.830696
3014104,107.06978
3014105,0.0
3014106,579.9474
3014107,24.76897
3014108,309.66977
3014109,33.82802
3014110,420.7989
3014111,4.5118136
3014112,596.6993
3014113,689.4334
3014114,0.0
3014115,88.17176
3014116,958.19543
3014117,205.29553
3014118,10051.316
3014119,0.14034638
3014120,108.663574
3014121,0.0
3014122,0.0
3014123,0.0
3014124,1446.316
3014125,0.0
3014126,145.16084
3014127,0.0
3014128,503.94623
3014129,277.90445
3014130,125.0121
3014131,131.28552
3014132,14.751802
3014133,1730.5974
3014134,0.0
3014135,0.0
3014136,0.0
3014137,0.0
3014138,0.0
3014139,121.82431
3014140,0.0
3014141,0.0
3014142,0.0
3014143,0.0
3014144,0.0
3014145,71.32386
3014146,123.77312
3014147,0.0
3014148,0.0
3014149,68.92519
3014150,15.466897
3014151,13.689988
3014152,0.0
3014153,0.0
3014154,0.0
3014155,0.0
3014156,0.0
3014157,2524.4937
3014158,0.0
3014159,376.23853
3014160,0.0
3014161,1283.7272
3014162,644.6932
3014163,275.4856
3014164,254.94092
3014165,49.79356
3014166,3970.7405
3014167,0.0
3014168,0.0
3014169,83.62439
3014170,88.052826
3014171,0.0
3014172,300.5513
3014173,0.0
3014174,0.0
3014175,0.0
3014176,101.13902
3014177,0.0
3014178,213.814
3014179,309.19446
3014180,0.0
3014181,0.0
3014182,102.48484
3014183,49.02661
3014184,455.42633
3014185,0.0
3014186,1.3229315
3014187,0.0
3014188,0.0
3014189,0.0
3014190,962.3024
3014191,0.0
3014192,52.688038
3014193,0.0
3014194,564.2218
3014195,172.23082
3014196,40.170887
3014197,22.739592
3014198,3.8018823
3014199,1717.9088
3014200,0.0
3014201,0.0
3014202,0.0
3014203,0.0
3014204,0.0
3014205,30.42604
3014206,0.0
3014207,0.0
3014208,0.0
3014209,0.0
3014210,0.0
3014211,110.19074
3014212,10.946393
3014213,0.0
3014214,0.0
3014215,56.49322
3014216,3.034885
3014217,0.0
3014218,0.0
3014219,0.0
3014220,0.0
3014221,0.0
3014222,0.0
3014223,1732.2582
3014224,0.0
3014225,283.076
3014226,0.0
3014227,843.5697
3014228,425.57257
3014229,239.81697
3014230,190.26575
3014231,38.766502
3014232,2650.938
3014233,0.0
3014234,0.0
3014235,10.25287
3014236,38.49142
3014237,0.0
3014238,229.07272
3014239,0.0
3014240,0.0
3014241,0.0
3014242,70.93166
3014243,0.0
3014244,173.00563
3014245,231.74861
3014246,0.0
3014247,0.0
3014248,122.77439
3014249,23.526007
3014250,426.9541
3014251,0.0
3014252,0.0
3014253,0.0
3014254,0.0
3014255,19.92545
3014256,2442.267
3014257,0.0
3014258,594.3199
3014259,0.0
3014260,836.46173
3014261,493.3813
3014262,220.3114
3014263,195.596
3014264,51.917328
3014265,3555.518
3014266,0.0
3014267,0.0
3014268,32.10526
3014269,36.533695
3014270,0.0
3014271,224.28754
3014272,0.0
3014273,0.0
3014274,0.0
3014275,71.07552
3014276,0.0
3014277,160.88437
3014278,253.0279
3014279,0.0
3014280,0.0
3014281,108.42787
3014282,28.856224
3014283,179.49042
3014284,0.0
3014285,0.0
3014286,0.0
3014287,0.0
3014288,0.0
3014289,1526.1796
3014290,0.0
3014291,48.226784
3014292,0.0
3014293,507.8646
3014294,110.06895
3014295,135.75504
3014296,134.37848
3014297,15.315466
3014298,1801.7617
3014299,0.0
3014300,0.0
3014301,0.0
3014302,0.0
3014303,0.0
3014304,63.697006
3014305,0.0
3014306,0.0
3014307,0.0
3014308,15.044595
3014309,0.0
3014310,147.40541
3014311,55.01635
3014312,0.0
3014313,0.0
3014314,70.661285
3014315,13.855005
3014316,0.0
3014317,0.0
3014318,0.0
3014319,0.0
3014320,0.0
3014321,0.0
3014322,2866.5583
3014323,0.0
3014324,428.37686
3014325,0.0
3014326,893.84827
3014327,651.2162
3014328,213.4203
3014329,175.34496
3014330,110.95712
3014331,3650.2615
3014332,0.0
3014333,0.0
3014334,30.592804
3014335,0.0
3014336,0.0
3014337,240.7644
3014338,0.0
3014339,0.0
3014340,0.0
3014341,77.741234
3014342,0.0
3014343,153.40518
3014344,225.48376
3014345,0.0
3014346,0.0
3014347,96.99406
3014348,20.934538
3014349,756.265
3014350,0.0
3014351,0.0
3014352,0.0
3014353,0.0
3014354,58.011086
3014355,3009.482
3014356,0.0
3014357,535.688
3014358,0.0
3014359,919.8087
3014360,823.027
3014361,189.11473
3014362,114.66172
3014363,83.49115
3014364,3415.3354
3014365,2.9592228
3014366,0.0
3014367,21.648645
3014368,61.0098
3014369,0.0
3014370,274.77893
3014371,0.0
3014372,68.97688
3014373,0.0
3014374,132.724
3014375,0.0
3014376,160.4629
3014377,268.6181
3014378,0.0
3014379,0.0
3014380,134.57462
3014381,70.68846
3014382,4085.0657
3014383,0.0
3014384,0.0
3014385,0.0
3014386,0.0
3014387,13.471018
3014388,2252.7783
3014389,0.0
3014390,458.25772
3014391,0.0
3014392,862.38885
3014393,702.26996
3014394,114.60329
3014395,86.82933
3014396,68.93956
3014397,3093.9546
3014398,0.0
3014399,0.0
3014400,19.338182
3014401,23.80199
3014402,0.0
3014403,214.18619
3014404,0.0
3014405,0.0
3014406,0.0
3014407,78.41831
3014408,0.0
3014409,132.63055
3014410,259.24548
3014411,0.0
3014412,14.287239
3014413,106.74202
3014414,43.765186
3014415,3215.8152
3014416,0.0
3014417,0.0
3014418,0.0
3014419,0.0
3014420,30.912931
3014421,3375.8413
3014422,0.0
3014423,623.4157
3014424,0.0
3014425,1340.115
3014426,569.718
3014427,217.2903
3014428,302.53793
3014429,51.035892
3014430,4779.1597
3014431,0.0
3014432,0.0
3014433,12.692761
3014434,40.62404
3014435,0.0
3014436,299.20508
3014437,0.0
3014438,0.0
3014439,22.484606
3014440,65.849846
3014441,0.0
3014442,331.5238
3014443,328.42276
3014444,0.0
3014445,0.0
3014446,180.65189
3014447,46.278793
3014448,1028.9595
3014449,47.402103
3014450,0.0
3014451,0.0
3014452,0.0
3014453,0.0
3014454,2450.9465
3014455,0.0
3014456,328.5225
3014457,0.0
3014458,735.454
3014459,524.1925
3014460,122.65617
3014461,173.11224
3014462,95.46105
3014463,3044.4204
3014464,0.0
3014465,0.0
3014466,0.0
3014467,0.6454253
3014468,0.0
3014469,178.40347
3014470,0.0
3014471,0.0
3014472,0.0
3014473,32.277985
3014474,0.0
3014475,294.74283
3014476,182.64116
3014477,0.0
3014478,0.0
3014479,381.33795
3014480,67.57456
3014481,2894.3599
3014482,0.0
3014483,0.0
3014484,0.0
3014485,0.0
3014486,0.0
3014487,4240.6714
3014488,0.0
3014489,430.70743
3014490,0.0
3014491,1568.9735
3014492,1103.2307
3014493,224.49051
3014494,181.03236
3014495,90.09489
3014496,5739.254
3014497,0.0
3014498,0.0
3014499,27.997185
3014500,32.459164
3014501,0.0
3014502,292.16562
3014503,0.0
3014504,0.0
3014505,0.0
3014506,73.98224
3014507,0.0
3014508,140.29115
3014509,294.39957
3014510,0.0
3014511,0.0
3014512,119.21519
3014513,35.396286
3014514,733.7716
3014515,0.0
3014516,0.0
3014517,0.0
3014518,0.0
3014519,16.99764
3014520,2538.1467
3014521,0.0
3014522,488.13376
3014523,0.0
3014524,904.1091
3014525,600.2446
3014526,184.1103
3014527,105.475464
3014528,79.14892
3014529,2806.98
3014530,0.0
3014531,0.0
3014532,5.971811
3014533,0.0
3014534,0.0
3014535,211.84462
3014536,0.0
3014537,0.0
3014538,0.0
3014539,41.493614
3014540,0.0
3014541,170.3043
3014542,287.8873
3014543,0.0
3014544,0.0
3014545,120.657295
3014546,36.838398
3014547,2707.2786
3014548,0.0
3014549,0.0
3014550,0.0
3014551,0.0
3014552,78.23872
3014553,2701.0266
3014554,0.0
3014555,533.9937
3014556,0.0
3014557,786.9275
3014558,688.923
3014559,211.86266
3014560,101.79708
3014561,51.23961
3014562,2537.5002
3014563,2.3093646
3014564,0.0
3014565,2.2933924
3014566,79.94397
3014567,0.0
3014568,303.14105
3014569,0.0
3014570,117.28057
3014571,96.48588
3014572,192.64
3014573,0.0
3014574,148.17162
3014575,287.79065
3014576,0.0
3014577,0.0
3014578,116.9789
3014579,46.361782
3014580,3564.2322
3014581,0.0
3014582,0.0
3014583,0.0
3014584,0.0
3014585,0.0
3014586,3799.6287
3014587,0.0
3014588,463.76233
3014589,0.0
3014590,1128.3656
3014591,263.6377
3014592,205.75821
3014593,148.75359
3014594,35.041912
3014595,3839.2617
3014596,0.0
3014597,0.0
3014598,0.0
3014599,0.0
3014600,0.0
3014601,193.39912
3014602,0.0
3014603,0.0
3014604,0.0
3014605,51.490864
3014606,0.0
3014607,114.73345
3014608,191.71709
3014609,0.0
3014610,0.0
3014611,112.70113
3014612,29.953367
3014613,465.36407
3014614,0.0
3014615,0.0
3014616,0.0
3014617,0.0
3014618,2.4508505
3014619,8711.654
3014620,0.0
3014621,1699.6765
3014622,0.0
3014623,2189.3374
3014624,1975.3727
3014625,537.4048
3014626,422.2923
3014627,276.7833
3014628,8956.062
3014629,7.4943323
3014630,0.0
3014631,34.23737
3014632,155.12238
3014633,0.0
3014634,572.95013
3014635,97.156685
3014636,144.70343
3014637,147.32591
3014638,285.3476
3014639,0.0
3014640,673.6436
3014641,627.3009
3014642,0.0
3014643,0.0
3014644,985.2989
3014645,274.67297
3014646,12461.004
3014647,319.02158
3014648,48.6012
3014649,0.0
3014650,0.0
3014651,16.872314
3014652,7444.6353
3014653,0.0
3014654,1261.9048
3014655,0.0
3014656,2181.758
3014657,1597.2806
3014658,478.85904
3014659,259.4639
3014660,255.60677
3014661,9227.135
3014662,0.0
3014663,0.0
3014664,19.38555
3014665,103.0328
3014666,0.0
3014667,573.0871
3014668,87.827545
3014669,109.658455
3014670,213.8626
3014671,166.31155
3014672,0.0
3014673,795.1904
3014674,649.5171
3014675,0.0
3014676,0.0
3014677,1005.40356
3014678,220.41849
3014679,7499.394
3014680,333.94846
3014681,2.1495748
3014682,0.0
3014683,0.0
3014684,0.0
3014685,5014.2266
3014686,0.0
3014687,1036.0079
3014688,0.0
3014689,2030.9581
3014690,1082.8514
3014691,551.4643
3014692,142.64726
3014693,151.51465
3014694,7645.99
3014695,0.0
3014696,0.0
3014697,0.0
3014698,0.0
3014699,0.0
3014700,462.41595
3014701,0.0
3014702,0.0
3014703,0.0
3014704,0.0
3014705,0.0
3014706,862.20184
3014707,687.7984
3014708,0.0
3014709,0.0
3014710,777.8334
3014711,96.63884
3014712,2830.725
3014713,120.69058
3014714,0.0
3014715,0.0
3014716,0.0
3014717,56.13657
3014718,7341.3516
3014719,0.0
3014720,1152.5867
3014721,0.0
3014722,2078.812
3014723,1563.2198
3014724,507.3681
3014725,207.13078
3014726,144.8357
3014727,8443.496
3014728,0.0
3014729,0.0
3014730,75.44267
3014731,120.59629
3014732,0.0
3014733,565.11163
3014734,141.09653
3014735,95.92891
3014736,128.64319
3014737,203.84552
3014738,0.0
3014739,617.08954
3014740,708.08624
3014741,0.0
3014742,0.0
3014743,838.20386
3014744,161.09871
3014745,7057.5483
3014746,410.01776
3014747,1.4364257
3014748,0.0
3014749,0.0
3014750,0.0
3014751,3457.9143
3014752,0.0
3014753,762.5715
3014754,0.0
3014755,1680.7758
3014756,451.70245
3014757,426.81833
3014758,107.08578
3014759,104.608955
3014760,5925.8755
3014761,0.0
3014762,0.0
3014763,0.0
3014764,0.0
3014765,0.0
3014766,428.4895
3014767,0.0
3014768,0.0
3014769,30.965305
3014770,0.0
3014771,0.0
3014772,648.5879
3014773,486.94
3014774,0.0
3014775,0.0
3014776,692.9968
3014777,79.74775
3014778,1806.9381
3014779,97.076324
3014780,0.0
3014781,0.0
3014782,0.0
3014783,98.57416
3014784,6639.109
3014785,0.0
3014786,1373.1565
3014787,0.0
3014788,1776.4742
3014789,1886.2554
3014790,515.80383
3014791,296.72195
3014792,167.9069
3014793,6944.1123
3014794,17.929403
3014795,0.0
3014796,26.135384
3014797,130.91841
3014798,0.0
3014799,479.5678
3014800,210.01778
3014801,172.6911
3014802,316.8097
3014803,263.18323
3014804,0.0
3014805,539.1218
3014806,609.0711
3014807,0.0
3014808,0.0
3014809,684.22375
3014810,206.61896
3014811,10367.044
3014812,452.61526
3014813,24.507643
3014814,0.0
3014815,0.0
3014816,0.0
3014817,1892.9459
3014818,0.0
3014819,322.22888
3014820,0.0
3014821,799.71234
3014822,382.0224
3014823,176.99237
3014824,134.60927
3014825,97.013885
3014826,2623.5977
3014827,0.0
3014828,0.0
3014829,0.0
3014830,0.0
3014831,0.0
3014832,159.15022
3014833,0.0
3014834,0.0
3014835,0.0
3014836,15.891802
3014837,0.0
3014838,269.1507
3014839,195.50894
3014840,0.0
3014841,0.0
3014842,228.69873
3014843,61.27252
3014844,1729.8125
3014845,0.0
3014846,0.0
3014847,0.0
3014848,0.0
3014849,0.0
3014850,3625.737
3014851,0.0
3014852,750.7567
3014853,0.0
3014854,1505.7574
3014855,711.4705
3014856,435.30685
3014857,102.569855
3014858,117.90381
3014859,5385.838
3014860,0.0
3014861,0.0
3014862,0.0
3014863,33.846104
3014864,0.0
3014865,361.3737
3014866,28.828701
3014867,7.8300853
3014868,0.0
3014869,74.95748
3014870,0.0
3014871,486.01358
3014872,508.84344
3014873,0.0
3014874,0.0
3014875,393.29257
3014876,63.00409
3014877,2437.4565
3014878,268.54398
3014879,0.0
3014880,0.0
3014881,0.0
3014882,27.431118
3014883,4576.324
3014884,0.0
3014885,1096.4408
3014886,0.0
3014887,1416.8921
3014888,1312.395
3014889,336.07452
3014890,226.2855
3014891,154.23997
3014892,4962.7363
3014893,2.708781
3014894,0.0
3014895,13.867805
3014896,74.57537
3014897,0.0
3014898,335.96417
3014899,0.0
3014900,99.67211
3014901,0.0
3014902,147.2889
3014903,0.0
3014904,523.1394
3014905,398.15552
3014906,0.0
3014907,0.0
3014908,695.9576
3014909,103.192795
3014910,8440.313
3014911,0.0
3014912,37.437843
3014913,0.0
3014914,0.0
3014915,74.673454
3014916,4010.503
3014917,0.0
3014918,887.2203
3014919,0.0
3014920,1077.1946
3014921,790.12244
3014922,423.2036
3014923,57.7864
3014924,50.19682
3014925,5382.841
3014926,4.9934945
3014927,2.8094244
3014928,5.9466424
3014929,114.42979
3014930,0.0
3014931,380.91348
3014932,0.0
3014933,163.20003
3014934,0.0
3014935,174.9385
3014936,0.0
3014937,150.25032
3014938,452.3646
3014939,0.0
3014940,0.0
3014941,107.37138
3014942,66.24715
3014943,7743.5415
3014944,0.0
3014945,59.55736
3014946,0.0
3014947,0.0
3014948,32.064095
3014949,2509.3245
3014950,0.0
3014951,560.6925
3014952,0.0
3014953,1122.9617
3014954,364.25378
3014955,292.65475
3014956,55.49247
3014957,47.302967
3014958,3139.2588
3014959,0.0
3014960,0.0
3014961,3.6527863
3014962,40.880543
3014963,0.0
3014964,266.03815
3014965,0.0
3014966,31.288193
3014967,0.0
3014968,98.88518
3014969,0.0
3014970,215.48853
3014971,300.34503
3014972,0.0
3014973,0.0
3014974,105.07747
3014975,63.95321
3014976,2969.4167
3014977,0.0
3014978,0.0
3014979,0.0
3014980,0.0
3014981,0.0
3014982,2610.7102
3014983,0.0
3014984,284.7326
3014985,0.0
3014986,1008.892
3014987,276.14764
3014988,213.12332
3014989,93.575325
3014990,0.0
3014991,2963.606
3014992,0.0
3014993,0.0
3014994,0.0
3014995,0.0
3014996,0.0
3014997,171.39825
3014998,0.0
3014999,0.0
3015000,0.0
3015001,26.12576
3015002,0.0
3015003,32.9177
3015004,162.28044
3015005,0.0
3015006,0.0
3015007,47.84052
3015008,48.000908
3015009,0.0
3015010,0.0
3015011,0.0
3015012,0.0
3015013,0.0
3015014,26.67568
3015015,3401.294
3015016,0.0
3015017,492.50778
3015018,0.0
3015019,956.0534
3015020,758.6067
3015021,325.7209
3015022,154.95787
3015023,117.36237
3015024,4179.8774
3015025,0.0
3015026,0.0
3015027,27.02534
3015028,57.89667
3015029,0.0
3015030,283.41287
3015031,0.0
3015032,57.11481
3015033,67.669846
3015034,73.47524
3015035,0.0
3015036,369.27124
3015037,271.33948
3015038,0.0
3015039,0.0
3015040,499.64886
3015041,81.62095
3015042,3190.2383
3015043,0.0
3015044,66.225105
3015045,1.0274365
3015046,0.0
3015047,44.37534
3015048,3906.7854
3015049,0.0
3015050,719.23456
3015051,0.0
3015052,989.6754
3015053,1251.1847
3015054,235.54205
3015055,241.82808
3015056,132.51302
3015057,4077.1162
3015058,14.598157
3015059,0.0
3015060,42.50811
3015061,67.6507
3015062,0.0
3015063,318.6629
3015064,4.6469007
3015065,54.383144
3015066,77.2727
3015067,130.91835
3015068,0.0
3015069,407.46713
3015070,297.71948
3015071,0.0
3015072,1.6387751
3015073,519.9763
3015074,127.67415
3015075,6854.251
3015076,0.0
3015077,80.86401
3015078,0.0
3015079,0.0
3015080,35.835133
3015081,4002.6753
3015082,0.0
3015083,741.3953
3015084,0.0
3015085,1125.9286
3015086,1289.8878
3015087,307.31253
3015088,226.3543
3015089,90.62767
3015090,4337.3945
3015091,3.9376469
3015092,0.0
3015093,34.79103
3015094,67.00143
3015095,0.0
3015096,359.47964
3015097,0.0
3015098,110.76235
3015099,68.73244
3015100,161.90565
3015101,0.0
3015102,378.62463
3015103,382.99335
3015104,0.0
3015105,0.0
3015106,484.7486
3015107,126.48363
3015108,6647.497
3015109,0.0
3015110,2.6101565
3015111,0.0
3015112,0.0
3015113,0.0
3015114,2975.3064
3015115,0.0
3015116,503.12744
3015117,0.0
3015118,1236.4988
3015119,479.6277
3015120,520.7621
3015121,138.7163
3015122,27.494543
3015123,5362.7495
3015124,0.0
3015125,0.0
3015126,0.0
3015127,20.284264
3015128,0.0
3015129,378.56607
3015130,0.0
3015131,0.0
3015132,63.918926
3015133,71.05903
3015134,0.0
3015135,278.0059
3015136,321.71097
3015137,0.0
3015138,0.0
3015139,363.57867
3015140,31.800892
3015141,965.9735
3015142,101.24836
3015143,0.0
3015144,0.0
3015145,0.0
3015146,0.0
3015147,1781.6986
3015148,0.0
3015149,360.2051
3015150,0.0
3015151,561.335
3015152,501.07257
3015153,161.95087
3015154,123.01521
3015155,98.28372
3015156,2223.6997
3015157,0.0
3015158,0.0
3015159,0.0
3015160,0.0
3015161,0.0
3015162,151.06236
3015163,0.0
3015164,0.0
3015165,0.0
3015166,36.953964
3015167,0.0
3015168,263.77527
3015169,94.69666
3015170,0.0
3015171,0.0
3015172,242.35422
3015173,63.18464
3015174,1671.6383
3015175,0.0
3015176,19.379469
3015177,0.0
3015178,0.0
3015179,0.0
3015180,451.92294
3015181,0.0
3015182,3.5078216
3015183,0.0
3015184,500.66165
3015185,40.42239
3015186,199.07156
3015187,4.819569
3015188,0.0
3015189,1670.1425
3015190,0.0
3015191,0.0
3015192,0.0
3015193,0.0
3015194,0.0
3015195,76.17201
3015196,0.0
3015197,0.0
3015198,0.0
3015199,0.0
3015200,0.0
3015201,162.83832
3015202,10.614951
3015203,0.0
3015204,0.0
3015205,172.75711
3015206,8.516085
3015207,65.34702
3015208,0.0
3015209,0.0
3015210,0.0
3015211,0.0
3015212,0.0
3015213,3845.6436
3015214,0.0
3015215,493.6471
3015216,0.0
3015217,1494.6029
3015218,445.95114
3015219,472.2863
3015220,110.651024
3015221,39.93011
3015222,5399.832
3015223,0.9968126
3015224,0.0
3015225,61.688015
3015226,41.216053
3015227,0.0
3015228,401.73508
3015229,0.0
3015230,0.0
3015231,0.0
3015232,97.60578
3015233,0.0
3015234,754.8742
3015235,422.7588
3015236,0.0
3015237,0.0
3015238,360.1153
3015239,21.163473
3015240,576.21265
3015241,148.04391
3015242,1.4347303
3015243,0.0
3015244,0.0
3015245,0.0
3015246,1205.2379
3015247,0.0
3015248,91.88099
3015249,0.0
3015250,722.016
3015251,216.67003
3015252,198.45227
3015253,44.30649
3015254,24.704529
3015255,2271.2175
3015256,0.0
3015257,0.0
3015258,2.5312314
3015259,0.0
3015260,0.0
3015261,167.2839
3015262,0.0
3015263,0.0
3015264,0.0
3015265,29.940668
3015266,0.0
3015267,268.86594
3015268,136.07875
3015269,0.0
3015270,0.0
3015271,122.12342
3015272,31.85108
3015273,0.0
3015274,0.0
3015275,0.0
3015276,0.0
3015277,0.0
3015278,0.0
3015279,1140.3287
3015280,0.0
3015281,48.26702
3015282,0.0
3015283,664.6666
3015284,146.94084
3015285,181.2736
3015286,24.198582
3015287,20.057705
3015288,2134.7764
3015289,0.0
3015290,0.0
3015291,0.9002613
3015292,0.0
3015293,0.0
3015294,143.97147
3015295,0.0
3015296,0.0
3015297,0.0
3015298,4.668685
3015299,0.0
3015300,253.72089
3015301,98.50585
3015302,0.0
3015303,0.0
3015304,82.441734
3015305,30.220121
3015306,0.0
3015307,0.0
3015308,0.0
3015309,0.0
3015310,0.0
3015311,0.0
3015312,1092.6252
3015313,0.0
3015314,69.44735
3015315,0.0
3015316,1027.03
3015317,168.40157
3015318,238.90749
3015319,27.201332
3015320,28.138628
3015321,2361.0137
3015322,0.0
3015323,0.0
3015324,9.491797
3015325,0.0
3015326,0.0
3015327,203.53056
3015328,0.0
3015329,0.0
3015330,0.0
3015331,13.26021
3015332,0.0
3015333,320.63934
3015334,212.71272
3015335,0.0
3015336,0.0
3015337,96.33111
3015338,38.811657
3015339,68.85491
3015340,0.0
3015341,0.0
3015342,0.0
3015343,0.0
3015344,0.0
3015345,1202.5884
3015346,0.0
3015347,70.71982
3015348,0.0
3015349,832.12744
3015350,215.09978
3015351,260.362
3015352,41.457024
3015353,28.14075
3015354,2327.3042
3015355,0.0
3015356,0.0
3015357,9.493915
3015358,0.0
3015359,0.0
3015360,203.53265
3015361,0.0
3015362,0.0
3015363,0.0
3015364,27.838154
3015365,0.0
3015366,192.82092
3015367,142.87572
3015368,0.0
3015369,0.0
3015370,96.33323
3015371,44.672634
3015372,254.32524
3015373,0.0
3015374,0.0
3015375,0.0
3015376,0.0
3015377,0.0
3015378,1023.2391
3015379,0.0
3015380,40.24501
3015381,0.0
3015382,737.41296
3015383,124.33962
3015384,187.92436
3015385,74.94343
3015386,15.897514
3015387,1689.4012
3015388,0.0
3015389,0.0
3015390,0.0
3015391,0.0
3015392,0.0
3015393,158.80872
3015394,0.0
3015395,0.0
3015396,0.0
3015397,15.594944
3015398,0.0
3015399,63.90406
3015400,55.745773
3015401,0.0
3015402,0.0
3015403,84.090004
3015404,24.543253
3015405,0.0
3015406,0.0
3015407,0.0
3015408,0.0
3015409,0.0
3015410,34.95028
3015411,2714.7256
3015412,0.0
3015413,216.65984
3015414,0.0
3015415,924.5519
3015416,454.91742
3015417,458.66165
3015418,164.28896
3015419,36.085346
3015420,3494.0784
3015421,0.0
3015422,0.0
3015423,10.981517
3015424,0.0
3015425,0.0
3015426,299.82053
3015427,0.0
3015428,0.0
3015429,84.18777
3015430,20.423716
3015431,0.0
3015432,389.12454
3015433,237.71727
3015434,0.0
3015435,0.0
3015436,201.75851
3015437,31.027262
3015438,686.63666
3015439,79.78253
3015440,0.0
3015441,0.0
3015442,0.0
3015443,0.0
3015444,1898.9062
3015445,0.0
3015446,379.56116
3015447,0.0
3015448,552.54016
3015449,304.24344
3015450,156.88257
3015451,111.30989
3015452,19.125988
3015453,2115.0056
3015454,0.0
3015455,0.0
3015456,11.527408
3015457,0.0
3015458,0.0
3015459,134.04971
3015460,0.0
3015461,0.0
3015462,0.0
3015463,33.9451
3015464,0.0
3015465,250.81631
3015466,127.41758
3015467,0.0
3015468,0.0
3015469,106.917755
3015470,23.03987
3015471,848.95776
3015472,0.0
3015473,0.0
3015474,0.0
3015475,0.0
3015476,0.0
3015477,2040.352
3015478,0.0
3015479,210.90514
3015480,0.0
3015481,980.931
3015482,199.05112
3015483,268.14468
3015484,75.35909
3015485,24.217308
3015486,2634.825
3015487,0.0
3015488,0.0
3015489,16.028803
3015490,0.0
3015491,0.0
3015492,132.33316
3015493,0.0
3015494,0.0
3015495,0.0
3015496,15.583726
3015497,0.0
3015498,205.47806
3015499,123.50535
3015500,0.0
3015501,0.0
3015502,102.18011
3015503,28.13119
3015504,164.56314
3015505,0.0
3015506,0.0
3015507,0.0
3015508,0.0
3015509,0.0
3015510,2234.7166
3015511,0.0
3015512,476.08267
3015513,0.0
3015514,631.4266
3015515,560.7666
3015516,149.43881
3015517,118.10419
3015518,84.448296
3015519,3219.6187
3015520,0.0
3015521,0.0
3015522,0.0
3015523,0.0
3015524,0.0
3015525,184.75049
3015526,0.0
3015527,0.0
3015528,0.0
3015529,35.85477
3015530,0.0
3015531,371.8718
3015532,170.25102
3015533,0.0
3015534,0.0
3015535,379.79343
3015536,64.575874
3015537,1739.8942
3015538,0.0
3015539,0.0
3015540,0.0
3015541,0.0
3015542,26.71586
3015543,2624.752
3015544,0.0
3015545,266.5454
3015546,0.0
3015547,1144.7046
3015548,423.47827
3015549,457.53522
3015550,105.29424
3015551,39.460346
3015552,4160.5728
3015553,1.8725674
3015554,59.552616
3015555,78.48357
3015556,6.25785
3015557,0.0
3015558,277.05673
3015559,0.0
3015560,0.0
3015561,15.035965
3015562,91.59253
3015563,0.0
3015564,585.42035
3015565,242.8276
3015566,0.0
3015567,0.0
3015568,123.60949
3015569,49.560574
3015570,350.65295
3015571,80.20424
3015572,2.3104858
3015573,0.0
3015574,0.0
3015575,0.0
3015576,2368.7283
3015577,0.0
3015578,282.6003
3015579,0.0
3015580,1044.8005
3015581,301.85486
3015582,314.77988
3015583,136.77133
3015584,48.29263
3015585,3257.8425
3015586,5.608587
3015587,0.0
3015588,49.877552
3015589,78.31326
3015590,0.0
3015591,269.16977
3015592,0.0
3015593,0.0
3015594,0.0
3015595,120.31441
3015596,0.0
3015597,410.61478
3015598,225.69333
3015599,0.0
3015600,0.0
3015601,117.281845
3015602,46.041443
3015603,491.56934
3015604,0.0
3015605,3.9399672
3015606,0.0
3015607,0.0
3015608,0.0
3015609,1149.2485
3015610,0.0
3015611,75.32162
3015612,0.0
3015613,674.9908
3015614,112.92
3015615,81.460655
3015616,33.88173
3015617,28.955046
3015618,2128.3086
3015619,0.0
3015620,0.0
3015621,0.0
3015622,0.0
3015623,0.0
3015624,46.696857
3015625,0.0
3015626,0.0
3015627,0.0
3015628,7.3311033
3015629,0.0
3015630,105.48281
3015631,35.787285
3015632,0.0
3015633,0.0
3015634,93.26198
3015635,22.021578
3015636,135.38924
3015637,0.0
3015638,0.0
3015639,0.0
3015640,0.0
3015641,0.0
3015642,1562.7422
3015643,0.0
3015644,177.29756
3015645,0.0
3015646,552.6173
3015647,324.74194
3015648,101.13549
3015649,64.905045
3015650,57.955025
3015651,1756.1599
3015652,5.700844
3015653,0.0
3015654,17.115917
3015655,0.0
3015656,0.0
3015657,85.08718
3015658,0.0
3015659,0.0
3015660,0.0
3015661,25.052027
3015662,0.0
3015663,529.86163
3015664,12.46913
3015665,0.0
3015666,0.0
3015667,255.2019
3015668,46.13368
3015669,607.5031
3015670,0.0
3015671,0.0
3015672,0.0
3015673,0.0
3015674,4.125671
3015675,3578.003
3015676,0.0
3015677,770.49396
3015678,2.9739413
3015679,909.8306
3015680,1122.5942
3015681,440.5307
3015682,105.575714
3015683,68.70574
3015684,3502.6812
3015685,0.0
3015686,0.0
3015687,170.36382
3015688,300.49213
3015689,0.0
3015690,454.23016
3015691,0.8431358
3015692,1.2442619
3015693,0.053088356
3015694,265.07565
3015695,0.0
3015696,255.91159
3015697,461.58057
3015698,5.5350623
3015699,0.0695297
3015700,303.99548
3015701,52.13945
3015702,2281.3357
3015703,0.17980878
3015704,138.09734
3015705,0.0
3015706,0.0
3015707,0.0
3015708,1861.389
3015709,0.0
3015710,288.57748
3015711,0.0
3015712,384.10367
3015713,367.2823
3015714,51.306484
3015715,81.57965
3015716,48.170383
3015717,1234.2123
3015718,0.0
3015719,0.0
3015720,0.0
3015721,0.0
3015722,0.0
3015723,99.05644
3015724,0.0
3015725,0.0
3015726,0.0
3015727,38.36355
3015728,0.0
3015729,219.51036
3015730,0.0
3015731,0.0
3015732,0.0
3015733,146.92226
3015734,24.216583
3015735,1003.43536
3015736,0.0
3015737,0.0
3015738,0.0
3015739,0.0
3015740,0.0
3015741,959.81824
3015742,0.0
3015743,192.0499
3015744,0.0
3015745,200.75465
3015746,174.38957
3015747,90.89455
3015748,71.34901
3015749,36.408867
3015750,900.3455
3015751,0.0
3015752,0.0
3015753,0.0
3015754,0.0
3015755,0.0
3015756,33.905655
3015757,0.0
3015758,0.0
3015759,0.0
3015760,0.0
3015761,0.0
3015762,209.27966
3015763,6.209154
3015764,0.0
3015765,0.0
3015766,136.69153
3015767,13.985869
3015768,207.12314
3015769,0.0
3015770,0.0
3015771,0.0
3015772,0.0
3015773,24.706636
3015774,2885.5625
3015775,0.0
3015776,544.8594
3015777,0.0
3015778,723.94476
3015779,702.24927
3015780,266.72137
3015781,128.29755
3015782,65.14662
3015783,2875.397
3015784,0.7592347
3015785,0.0
3015786,20.45599
3015787,38.85236
3015788,0.0
3015789,186.81049
3015790,0.0
3015791,0.0
3015792,0.0
3015793,131.64426
3015794,0.0
3015795,192.55025
3015796,182.22012
3015797,0.0
3015798,0.0
3015799,216.19223
3015800,48.455242
3015801,1904.9465
3015802,0.0
3015803,49.402843
3015804,0.0
3015805,0.0
3015806,0.0
3015807,2816.5276
3015808,0.0
3015809,458.07144
3015810,0.0
3015811,851.01385
3015812,536.54645
3015813,293.6834
3015814,192.24408
3015815,46.70203
3015816,3538.989
3015817,0.0
3015818,0.0
3015819,60.22404
3015820,24.121874
3015821,0.0
3015822,188.72977
3015823,0.0
3015824,0.0
3015825,0.0
3015826,96.26751
3015827,0.0
3015828,413.84528
3015829,213.96173
3015830,0.0
3015831,0.0
3015832,161.91605
3015833,39.654778
3015834,880.7417
3015835,0.0
3015836,0.0
3015837,0.0
3015838,0.0
3015839,0.0
3015840,2409.542
3015841,0.0
3015842,390.5236
3015843,0.0
3015844,696.61237
3015845,387.8184
3015846,241.66638
3015847,183.08595
3015848,31.262398
3015849,3052.6309
3015850,0.0
3015851,0.0
3015852,45.08173
3015853,0.0
3015854,0.0
3015855,197.64944
3015856,0.0
3015857,0.0
3015858,0.0
3015859,98.13971
3015860,0.0
3015861,303.67505
3015862,204.06726
3015863,0.0
3015864,0.0
3015865,136.27608
3015866,26.493793
3015867,496.24536
3015868,0.0
3015869,0.0
3015870,0.0
3015871,0.0
3015872,22.601164
3015873,7056.4463
3015874,0.0
3015875,1027.2667
3015876,0.0
3015877,1509.6533
3015878,1573.4816
3015879,361.3464
3015880,327.0348
3015881,205.73676
3015882,6464.66
3015883,9.348234
3015884,0.0
3015885,20.170076
3015886,0.0
3015887,0.0
3015888,407.8812
3015889,0.0
3015890,0.0
3015891,35.414097
3015892,97.6782
3015893,0.0
3015894,558.4152
3015895,246.13727
3015896,0.0
3015897,0.0
3015898,916.2014
3015899,165.88751
3015900,6153.093
3015901,0.0
3015902,46.39836
3015903,0.0
3015904,0.0
3015905,0.0
3015906,1220.1696
3015907,0.0
3015908,78.0233
3015909,0.0
3015910,444.17343
3015911,162.42325
3015912,97.40923
3015913,102.4298
3015914,23.440742
3015915,1437.1486
3015916,0.0
3015917,0.0
3015918,0.0
3015919,0.0
3015920,0.0
3015921,84.569565
3015922,0.0
3015923,0.0
3015924,0.0
3015925,41.449703
3015926,0.0
3015927,134.39766
3015928,71.47987
3015929,0.0
3015930,0.0
3015931,69.54433
3015932,18.67215
3015933,63.89572
3015934,0.0
3015935,0.0
3015936,0.0
3015937,0.0
3015938,0.0
3015939,2354.0078
3015940,0.0
3015941,378.46057
3015942,0.12395953
3015943,1140.6729
3015944,448.75024
3015945,279.31085
3015946,226.86935
3015947,59.266582
3015948,3748.848
3015949,0.0
3015950,1.6056745
3015951,80.811356
3015952,67.95909
3015953,0.0
3015954,262.8927
3015955,0.0
3015956,0.0
3015957,0.0
3015958,104.00822
3015959,0.0
3015960,467.53903
3015961,260.61197
3015962,0.0
3015963,0.0
3015964,103.88805
3015965,53.01595
3015966,505.63214
3015967,0.0
3015968,6.8250546
3015969,0.0
3015970,0.0
3015971,0.0
3015972,747.31366
3015973,0.0
3015974,46.010742
3015975,0.0
3015976,447.32986
3015977,14.687197
3015978,4.257215
3015979,0.0
3015980,13.274914
3015981,1691.6809
3015982,0.0
3015983,0.0
3015984,0.0
3015985,0.0
3015986,0.0
3015987,0.0
3015988,0.0
3015989,0.0
3015990,0.0
3015991,29.801785
3015992,0.0
3015993,99.129005
3015994,0.0
3015995,0.0
3015996,0.0
3015997,57.89642
3015998,7.024231
3015999,0.0
3016000,0.0
3016001,0.0
3016002,0.0
3016003,0.0
3016004,0.0
3016005,1615.6338
3016006,0.0
3016007,233.1539
3016008,0.0
3016009,811.8593
3016010,267.13205
3016011,171.88295
3016012,162.19402
3016013,48.23953
3016014,2389.1597
3016015,0.0
3016016,0.0
3016017,13.989582
3016018,1.142559
3016019,0.0
3016020,201.22614
3016021,0.0
3016022,0.0
3016023,0.0
3016024,64.76636
3016025,0.0
3016026,278.4682
3016027,190.44437
3016028,0.0
3016029,0.0
3016030,124.177574
3016031,27.515348
3016032,477.15955
3016033,0.0
3016034,0.0
3016035,0.0
3016036,0.0
3016037,0.0
3016038,2252.683
3016039,0.0
3016040,539.80804
3016041,0.0
3016042,716.53796
3016043,410.91116
3016044,196.31549
3016045,167.52426
3016046,61.390335
3016047,3261.1367
3016048,0.0
3016049,0.0
3016050,19.319798
3016051,23.428896
3016052,0.0
3016053,196.93248
3016054,0.0
3016055,0.0
3016056,0.0
3016057,57.122936
3016058,0.0
3016059,270.93658
3016060,218.48389
3016061,0.0
3016062,0.0
3016063,126.14213
3016064,32.845577
3016065,173.77689
3016066,0.0
3016067,1.1281807
3016068,0.0
3016069,0.0
3016070,0.0
3016071,1222.4736
3016072,0.0
3016073,102.139465
3016074,0.0
3016075,448.87604
3016076,73.79919
3016077,25.352068
3016078,106.306755
3016079,24.78849
3016080,1464.3705
3016081,0.0
3016082,0.0
3016083,0.0
3016084,0.0
3016085,0.0
3016086,43.758816
3016087,0.0
3016088,0.0
3016089,0.0
3016090,29.775656
3016091,0.0
3016092,130.4866
3016093,10.428702
3016094,0.0
3016095,0.0
3016096,72.06449
3016097,17.844343
3016098,62.09439
3016099,0.0
3016100,0.0
3016101,0.0
3016102,0.0
3016103,0.0
3016104,2746.582
3016105,0.0
3016106,379.41348
3016107,0.0
3016108,817.03906
3016109,392.54413
3016110,202.49112
3016111,161.02046
3016112,70.23207
3016113,3322.5098
3016114,0.0
3016115,0.0
3016116,7.8859468
3016117,17.919228
3016118,0.0
3016119,226.86868
3016120,0.0
3016121,0.0
3016122,0.0
3016123,58.66273
3016124,0.0
3016125,322.56622
3016126,189.33199
3016127,0.0
3016128,0.0
3016129,98.397255
3016130,24.923883
3016131,806.4708
3016132,0.0
3016133,0.0
3016134,0.0
3016135,0.0
3016136,20.592548
3016137,2879.9585
3016138,0.0
3016139,483.06412
3016140,0.0
3016141,848.7019
3016142,723.52686
3016143,143.88516
3016144,131.45587
3016145,92.964195
3016146,3278.4402
3016147,6.695935
3016148,0.0
3016149,25.385355
3016150,30.301826
3016151,0.0
3016152,224.60202
3016153,0.0
3016154,0.0
3016155,0.0
3016156,106.937
3016157,0.0
3016158,170.34703
3016159,209.06691
3016160,0.0
3016161,0.0
3016162,135.97778
3016163,74.677826
3016164,2268.654
3016165,0.0
3016166,1.5331763
3016167,0.0
3016168,0.0
3016169,0.0
3016170,2437.8154
3016171,0.0
3016172,394.98242
3016173,0.0
3016174,789.96533
3016175,564.86096
3016176,85.810745
3016177,111.26857
3016178,86.05777
3016179,3003.5483
3016180,0.0
3016181,0.0
3016182,20.844053
3016183,0.73736894
3016184,0.0
3016185,219.98259
3016186,0.0
3016187,0.0
3016188,0.0
3016189,46.33338
3016190,0.0
3016191,150.15988
3016192,210.97893
3016193,0.0
3016194,0.0
3016195,115.79047
3016196,55.39971
3016197,1586.6234
3016198,0.0
3016199,4.2142057
3016200,0.0
3016201,0.0
3016202,0.0
3016203,3132.9233
3016204,0.0
3016205,494.8173
3016206,0.0
3016207,1147.8075
3016208,449.0508
3016209,176.19753
3016210,226.79366
3016211,54.72717
3016212,4451.362
3016213,0.0
3016214,0.0
3016215,10.647742
3016216,18.411318
3016217,0.0
3016218,259.46945
3016219,0.0
3016220,0.0
3016221,0.0
3016222,49.867973
3016223,0.0
3016224,491.15833
3016225,230.68199
3016226,0.0
3016227,0.0
3016228,144.16202
3016229,44.486393
3016230,1070.0569
3016231,3.26686
3016232,0.0
3016233,0.0
3016234,0.0
3016235,0.0
3016236,1782.0885
3016237,0.0
3016238,185.75073
3016239,0.0
3016240,561.2907
3016241,355.21933
3016242,7.0554786
3016243,143.97568
3016244,101.89697
3016245,2461.3633
3016246,0.0
3016247,0.0
3016248,0.0
3016249,0.0
3016250,0.0
3016251,31.53645
3016252,0.0
3016253,0.0
3016254,0.0
3016255,51.185284
3016256,0.0
3016257,282.35373
3016258,0.0
3016259,0.0
3016260,0.0
3016261,360.468
3016262,49.290688
3016263,1606.274
3016264,0.0
3016265,0.0
3016266,0.0
3016267,0.0
3016268,0.0
3016269,3253.4514
3016270,0.0
3016271,365.38455
3016272,0.0
3016273,1211.6078
3016274,367.49658
3016275,186.49792
3016276,134.25453
3016277,42.372845
3016278,5282.5312
3016279,0.0
3016280,0.0
3016281,11.88479
3016282,0.0
3016283,0.0
3016284,242.97783
3016285,0.0
3016286,0.0
3016287,0.0
3016288,44.720566
3016289,0.0
3016290,182.15022
3016291,222.34933
3016292,0.0
3016293,0.0
3016294,133.56732
3016295,29.412558
3016296,767.57654
3016297,0.0
3016298,0.0
3016299,0.0
3016300,0.0
3016301,0.0
3016302,2154.035
3016303,0.0
3016304,451.02066
3016305,0.0
3016306,836.1163
3016307,428.26404
3016308,141.25928
3016309,93.17131
3016310,78.67774
3016311,2886.9995
3016312,0.0
3016313,0.0
3016314,0.0
3016315,0.0
3016316,0.0
3016317,160.74734
3016318,0.0
3016319,0.0
3016320,0.0
3016321,69.69082
3016322,0.0
3016323,170.24422
3016324,178.33177
3016325,0.0
3016326,0.0
3016327,112.116264
3016328,30.88352
3016329,1387.6384
3016330,0.0
3016331,0.0
3016332,0.0
3016333,0.0
3016334,37.58649
3016335,2313.3782
3016336,0.0
3016337,494.8491
3016338,0.0
3016339,707.92975
3016340,557.93353
3016341,169.0117
3016342,89.49293
3016343,113.26685
3016344,2551.7385
3016345,0.0
3016346,0.0
3016347,0.0
3016348,39.29175
3016349,0.0
3016350,240.68001
3016351,0.0
3016352,0.0
3016353,11.66218
3016354,118.527534
3016355,0.0
3016356,148.11153
3016357,241.18878
3016358,0.0
3016359,0.0
3016360,108.43786
3016361,40.4069
3016362,2322.6487
3016363,0.0
3016364,49.100594
3016365,0.0
3016366,0.0
3016367,0.0
3016368,3413.4243
3016369,0.0
3016370,378.148
3016371,0.0
3016372,1061.5686
3016373,443.48404
3016374,149.5911
3016375,102.00446
3016376,34.57073
3016377,3409.751
3016378,0.0
3016379,0.0
3016380,0.0
3016381,0.0
3016382,0.0
3016383,150.44136
3016384,0.0
3016385,0.0
3016386,0.0
3016387,31.24603
3016388,0.0
3016389,209.82481
3016390,147.43358
3016391,0.0
3016392,0.0
3016393,104.160095
3016394,23.998495
3016395,503.11993
3016396,0.0
3016397,0.0
3016398,0.0
3016399,0.0
3016400,0.0
3016401,7718.462
3016402,0.0
3016403,1336.2903
3016404,0.0
3016405,1956.3864
3016406,1653.3019
3016407,417.0713
3016408,396.38953
3016409,298.93954
3016410,7480.2974
3016411,0.0
3016412,0.0
3016413,56.78311
3016414,50.29882
3016415,0.0
3016416,446.30896
3016417,61.81817
3016418,0.0
3016419,23.633213
3016420,291.20688
3016421,0.0
3016422,668.8521
3016423,355.15634
3016424,0.0
3016425,0.0
3016426,940.91614
3016427,255.1194
3016428,8234.388
3016429,225.03833
3016430,2.8643203
3016431,0.0
3016432,0.0
3016433,0.0
3016434,6692.193
3016435,0.0
3016436,1066.8136
3016437,0.0
3016438,1879.0903
3016439,1283.4729
3016440,358.5255
3016441,233.5612
3016442,277.76285
3016443,8010.9355
3016444,0.0
3016445,0.0
3016446,4.693623
3016447,4.2326994
3016448,0.0
3016449,447.79007
3016450,32.358723
3016451,0.0
3016452,90.601395
3016453,186.14052
3016454,0.0
3016455,737.4284
3016456,472.49908
3016457,0.0
3016458,0.0
3016459,961.0208
3016460,200.86497
3016461,4074.7139
3016462,207.30728
3016463,0.0
3016464,0.0
3016465,0.0
3016466,0.0
3016467,4122.3096
3016468,0.0
3016469,732.90265
3016470,0.0
3016471,1809.6011
3016472,718.6776
3016473,432.89838
3016474,127.07867
3016475,184.00536
3016476,6949.154
3016477,0.0
3016478,0.0
3016479,0.0
3016480,0.0
3016481,0.0
3016482,347.129
3016483,0.0
3016484,0.0
3016485,0.0
3016486,0.0
3016487,0.0
3016488,814.77423
3016489,406.05518
3016490,0.0
3016491,0.0
3016492,685.5245
3016493,87.41977
3016494,1494.3531
3016495,5.4036484
3016496,0.0
3016497,0.0
3016498,0.0
3016499,0.0
3016500,6587.444
3016501,0.0
3016502,994.6247
3016503,0.0
3016504,1806.4834
3016505,1217.0706
3016506,388.90765
3016507,182.08072
3016508,167.84474
3016509,7535.676
3016510,0.0
3016511,0.0
3016512,14.263
3016513,17.645418
3016514,0.0
3016515,458.49417
3016516,32.33703
3016517,0.0
3016518,6.8232727
3016519,164.44922
3016520,0.0
3016521,572.33795
3016522,564.6787
3016523,0.0
3016524,0.0
3016525,769.86096
3016526,142.39792
3016527,4176.5938
3016528,287.28085
3016529,0.0
3016530,0.0
3016531,0.0
3016532,0.0
3016533,3122.4731
3016534,0.0
3016535,548.5415
3016536,0.0
3016537,1431.3893
3016538,445.82382
3016539,321.7371
3016540,99.31622
3016541,144.89862
3016542,5636.4634
3016543,0.0
3016544,0.0
3016545,0.0
3016546,0.0
3016547,0.0
3016548,329.41516
3016549,0.0
3016550,0.0
3016551,0.0
3016552,0.0
3016553,0.0
3016554,626.75836
3016555,369.26184
3016556,0.0
3016557,0.0
3016558,569.8758
3016559,78.327545
3016560,541.1707
3016561,84.89925
3016562,0.0
3016563,0.0
3016564,0.0
3016565,0.0
3016566,5912.4116
3016567,0.0
3016568,1199.7352
3016569,0.0
3016570,1539.994
3016571,1560.046
3016572,295.74994
3016573,274.54208
3016574,193.78609
3016575,6234.444
3016576,1.8461982
3016577,0.0
3016578,59.570675
3016579,96.80801
3016580,0.0
3016581,362.18195
3016582,140.48738
3016583,0.0
3016584,199.97478
3016585,249.17653
3016586,0.0
3016587,517.2925
3016588,313.80457
3016589,0.0
3016590,0.0
3016591,628.61884
3016592,190.78835
3016593,6301.572
3016594,228.2851
3016595,0.23274557
3016596,0.0
3016597,0.0
3016598,0.0
3016599,1292.124
3016600,0.0
3016601,227.21773
3016602,0.0
3016603,671.27795
3016604,253.50645
3016605,81.24502
3016606,112.917175
3016607,110.89423
3016608,2120.1946
3016609,0.0
3016610,0.0
3016611,0.0
3016612,0.0
3016613,0.0
3016614,140.53679
3016615,0.0
3016616,0.0
3016617,0.0
3016618,0.0
3016619,0.0
3016620,264.20612
3016621,55.639755
3016622,0.0
3016623,0.0
3016624,201.70102
3016625,50.433044
3016626,929.90515
3016627,0.0
3016628,0.0
3016629,0.0
3016630,0.0
3016631,0.0
3016632,3011.7002
3016633,0.0
3016634,540.3771
3016635,0.0
3016636,1325.2799
3016637,543.45514
3016638,317.26572
3016639,86.67754
3016640,150.07063
3016641,4908.9487
3016642,0.0
3016643,0.0
3016644,0.0
3016645,0.0
3016646,0.0
3016647,262.8652
3016648,0.0
3016649,0.0
3016650,0.0
3016651,28.39215
3016652,0.0
3016653,465.23294
3016654,336.75952
3016655,0.0
3016656,0.0
3016657,343.97516
3016658,53.461086
3016659,1379.399
3016660,152.30074
3016661,0.0
3016662,0.0
3016663,0.0
3016664,0.0
3016665,3767.3665
3016666,0.0
3016667,770.954
3016668,0.0
3016669,1194.2422
3016670,899.54865
3016671,197.24387
3016672,196.05023
3016673,172.06384
3016674,3997.724
3016675,0.0
3016676,0.0
3016677,0.0
3016678,0.0
3016679,0.0
3016680,209.5759
3016681,0.0
3016682,0.0
3016683,0.0
3016684,102.83294
3016685,0.0
3016686,488.01633
3016687,189.49847
3016688,0.0
3016689,2.5989206
3016690,632.2973
3016691,79.306915
3016692,4290.886
3016693,0.0
3016694,0.0
3016695,0.0
3016696,0.0
3016697,0.0
3016698,3803.839
3016699,0.0
3016700,713.5563
3016701,0.0
3016702,986.51556
3016703,126.895706
3016704,320.83038
3016705,46.730152
3016706,44.492184
3016707,5360.426
3016708,0.033902455
3016709,0.0
3016710,55.306015
3016711,59.42986
3016712,0.0
3016713,176.00475
3016714,0.0
3016715,0.0
3016716,0.0
3016717,100.25179
3016718,0.0
3016719,140.22713
3016720,223.83284
3016721,0.0
3016722,0.0
3016723,62.88996
3016724,61.540176
3016725,3446.0422
3016726,0.0
3016727,6.9175844
3016728,0.0
3016729,0.0
3016730,0.0
3016731,1968.914
3016732,0.0
3016733,367.54034
3016734,0.0
3016735,914.6112
3016736,25.17627
3016737,201.27527
3016738,44.436268
3016739,41.59836
3016740,3049.2434
3016741,0.0
3016742,0.0
3016743,0.0
3016744,0.0
3016745,0.0
3016746,156.97516
3016747,0.0
3016748,0.0
3016749,0.0
3016750,45.372112
3016751,0.0
3016752,205.46535
3016753,168.85162
3016754,0.0
3016755,0.0
3016756,60.596024
3016757,59.246277
3016758,1101.9755
3016759,0.0
3016760,0.0
3016761,0.0
3016762,0.0
3016763,0.0
3016764,2142.677
3016765,0.0
3016766,266.84912
3016767,0.0
3016768,907.85333
3016769,108.83896
3016770,123.967926
3016771,60.564915
3016772,0.0
3016773,2762.6807
3016774,0.0
3016775,0.0
3016776,0.0
3016777,0.0
3016778,0.0
3016779,85.75708
3016780,0.0
3016781,0.0
3016782,0.0
3016783,0.0
3016784,0.0
3016785,124.147804
3016786,74.020905
3016787,0.0
3016788,0.0
3016789,3.359065
3016790,43.29396
3016791,395.9313
3016792,0.0
3016793,0.0
3016794,0.0
3016795,0.0
3016796,0.0
3016797,3103.5942
3016798,0.0
3016799,447.19244
3016800,0.0
3016801,856.3778
3016802,635.3719
3016803,229.97383
3016804,133.72798
3016805,131.70494
3016806,3544.5977
3016807,0.0
3016808,0.0
3016809,0.0
3016810,1.0609281
3016811,0.0
3016812,219.0173
3016813,0.0
3016814,0.0
3016815,0.0
3016816,61.46107
3016817,0.0
3016818,385.03302
3016819,189.89337
3016820,0.0
3016821,0.0
3016822,486.68558
3016823,71.2437
3016824,1839.8079
3016825,0.0
3016826,32.990776
3016827,0.0
3016828,0.0
3016829,0.0
3016830,3882.2378
3016831,0.0
3016832,640.03107
3016833,0.0
3016834,838.88513
3016835,1081.9872
3016836,150.24873
3016837,197.06233
3016838,141.91109
3016839,3569.3135
3016840,0.0
3016841,0.0
3016842,20.38393
3016843,43.125828
3016844,0.0
3016845,246.18384
3016846,0.0
3016847,0.0
3016848,20.942108
3016849,139.73444
3016850,0.0
3016851,398.04028
3016852,210.88486
3016853,0.0
3016854,0.0
3016855,502.06848
3016856,112.352425
3016857,4374.8037
3016858,0.0
3016859,42.685173
3016860,0.0
3016861,0.0
3016862,0.0
3016863,3587.4404
3016864,0.0
3016865,746.87836
3016866,0.0
3016867,963.18695
3016868,1171.3162
3016869,245.83191
3016870,191.43504
3016871,109.87227
3016872,3753.026
3016873,0.0
3016874,0.0
3016875,22.197954
3016876,31.718143
3016877,0.0
3016878,315.33276
3016879,0.0
3016880,0.0
3016881,29.40853
3016882,172.75851
3016883,0.0
3016884,379.04428
3016885,300.24036
3016886,0.0
3016887,0.0
3016888,476.68732
3016889,121.0084
3016890,3873.263
3016891,0.0
3016892,0.0
3016893,0.0
3016894,0.0
3016895,0.0
3016896,2657.3704
3016897,0.0
3016898,436.59296
3016899,0.0
3016900,1148.0371
3016901,472.17993
3016902,484.44946
3016903,103.39741
3016904,35.219227
3016905,4912.572
3016906,0.0
3016907,0.0
3016908,0.0
3016909,12.395788
3016910,0.0
3016911,337.0722
3016912,0.0
3016913,0.0
3016914,0.0
3016915,67.32014
3016916,0.0
3016917,410.69296
3016918,310.52444
3016919,0.0
3016920,0.0
3016921,363.23364
3016922,34.041916
3016923,1080.8701
3016924,58.627632
3016925,0.0
3016926,0.0
3016927,0.0
3016928,0.0
3016929,2352.6008
3016930,0.0
3016931,404.3978
3016932,0.0
3016933,652.0855
3016934,602.30206
3016935,177.18488
3016936,210.7153
3016937,168.03183
3016938,2850.4138
3016939,0.0
3016940,0.0
3016941,0.0
3016942,23.574299
3016943,0.0
3016944,214.05534
3016945,0.0
3016946,0.0
3016947,0.0
3016948,135.25761
3016949,0.0
3016950,782.41125
3016951,154.75204
3016952,0.0
3016953,0.0
3016954,490.46405
3016955,63.848114
3016956,1942.4987
3016957,0.0
3016958,23.663588
3016959,0.0
3016960,0.0
3016961,0.0
3016962,661.42487
3016963,0.0
3016964,33.982384
3016965,0.0
3016966,552.8287
3016967,80.008575
3016968,272.84146
3016969,29.039318
3016970,4.5052476
3016971,1878.0106
3016972,0.0
3016973,0.0
3016974,0.0
3016975,0.0
3016976,0.0
3016977,83.93028
3016978,0.0
3016979,0.0
3016980,0.0
3016981,3.1578934
3016982,0.0
3016983,210.0084
3016984,38.31833
3016985,0.0
3016986,0.0
3016987,0.0
3016988,1.9138582
3016989,214.45111
3016990,0.0
3016991,0.0
3016992,0.0
3016993,0.0
3016994,42.541706
3016995,4241.726
3016996,0.0
3016997,531.7569
3016998,0.0
3016999,1664.7004
3017000,485.70145
3017001,647.7905
3017002,134.87086
3017003,43.1609
3017004,5877.3145
3017005,0.0
3017006,0.0
3017007,56.629406
3017008,59.319973
3017009,0.0
3017010,404.20264
3017011,0.0
3017012,0.0
3017013,0.0
3017014,232.78044
3017015,0.0
3017016,502.35248
3017017,430.00418
3017018,0.0
3017019,0.0
3017020,530.6551
3017021,82.591255
3017022,878.19336
3017023,178.57596
3017024,0.0
3017025,0.0
3017026,0.0
3017027,0.0
3017028,1349.6365
3017029,0.0
3017030,114.47601
3017031,0.0
3017032,758.9364
3017033,232.67833
3017034,306.25586
3017035,69.83979
3017036,29.248917
3017037,2323.4517
3017038,0.0
3017039,0.0
3017040,0.0
3017041,0.0
3017042,0.0
3017043,181.86336
3017044,0.0
3017045,0.0
3017046,0.0
3017047,51.885998
3017048,0.0
3017049,118.06916
3017050,153.81718
3017051,0.0
3017052,0.0
3017053,190.7247
3017054,26.562416
3017055,56.73983
3017056,0.0
3017057,0.0
3017058,0.0
3017059,0.0
3017060,0.0
3017061,1136.6129
3017062,0.0
3017063,156.29443
3017064,0.0
3017065,783.08453
3017066,211.08084
3017067,264.8555
3017068,49.73189
3017069,24.602089
3017070,2366.3247
3017071,0.0
3017072,0.0
3017073,0.0
3017074,0.0
3017075,0.0
3017076,157.42418
3017077,0.0
3017078,0.0
3017079,0.0
3017080,32.93124
3017081,0.0
3017082,116.438194
3017083,130.2989
3017084,0.0
3017085,0.0
3017086,122.061745
3017087,24.931458
3017088,49.626167
3017089,0.0
3017090,0.0
3017091,0.0
3017092,0.0
3017093,2.99318
3017094,1260.4847
3017095,0.0
3017096,101.09096
3017097,0.0
3017098,1083.2864
3017099,218.2928
3017100,383.551
3017101,52.73461
3017102,52.454086
3017103,2554.377
3017104,0.0
3017105,0.0
3017106,4.2031264
3017107,0.0
3017108,0.0
3017109,205.88306
3017110,0.0
3017111,0.0
3017112,0.0
3017113,41.52278
3017114,0.0
3017115,183.48235
3017116,233.40575
3017117,0.0
3017118,0.0
3017119,119.629944
3017120,33.523
3017121,260.63864
3017122,0.0
3017123,0.0
3017124,0.0
3017125,0.0
3017126,0.0
3017127,1368.909
3017128,0.0
3017129,88.009186
3017130,0.0
3017131,849.96466
3017132,230.52095
3017133,402.7549
3017134,65.90639
3017135,31.60119
3017136,2639.6873
3017137,0.0
3017138,0.0
3017139,3.121329
3017140,0.0
3017141,0.0
3017142,204.80128
3017143,0.0
3017144,0.0
3017145,0.0
3017146,40.44098
3017147,0.0
3017148,96.238754
3017149,151.22502
3017150,0.0
3017151,0.0
3017152,167.15196
3017153,63.006165
3017154,429.2348
3017155,0.0
3017156,0.0
3017157,0.0
3017158,0.0
3017159,0.0
3017160,1163.7042
3017161,0.0
3017162,101.71185
3017163,0.0
3017164,794.61694
3017165,167.75488
3017166,243.3605
3017167,99.39281
3017168,19.357971
3017169,1748.3339
3017170,0.0
3017171,0.0
3017172,0.0
3017173,0.0
3017174,0.0
3017175,168.36009
3017176,0.0
3017177,0.0
3017178,0.0
3017179,36.456352
3017180,0.0
3017181,88.751915
3017182,117.2068
3017183,0.0
3017184,0.0
3017185,77.07191
3017186,18.17067
3017187,149.05759
3017188,0.0
3017189,0.0
3017190,0.0
3017191,0.0
3017192,53.2838
3017193,2886.6018
3017194,0.0
3017195,243.42245
3017196,0.0
3017197,1073.8553
3017198,505.33887
3017199,474.18176
3017200,188.73843
3017201,39.545807
3017202,3703.7432
3017203,0.0
3017204,0.0
3017205,4.6089373
3017206,0.0
3017207,0.0
3017208,318.9249
3017209,0.0
3017210,0.0
3017211,80.83508
3017212,47.60237
3017213,0.0
3017214,149.69936
3017215,278.34476
3017216,0.0
3017217,0.0
3017218,386.58966
3017219,24.654682
3017220,894.8943
3017221,109.4231
3017222,0.0
3017223,0.0
3017224,0.0
3017225,0.3048136
3017226,1945.1504
3017227,0.0
3017228,502.89865
3017229,0.0
3017230,584.0962
3017231,355.79138
3017232,206.65297
3017233,135.75931
3017234,22.586433
3017235,2338.2603
3017236,0.0
3017237,0.0
3017238,6.698482
3017239,0.0
3017240,0.0
3017241,153.15431
3017242,0.0
3017243,0.0
3017244,0.0
3017245,52.76009
3017246,0.0
3017247,83.663475
3017248,159.25345
3017249,0.0
3017250,0.0
3017251,249.43835
3017252,50.651276
3017253,1039.6572
3017254,7.2398176
3017255,0.0
3017256,0.0
3017257,0.0
3017258,5.3008385
3017259,2222.224
3017260,0.0
3017261,137.30522
3017262,0.0
3017263,815.78723
3017264,283.17203
3017265,409.03378
3017266,100.30313
3017267,28.172388
3017268,2893.823
3017269,0.0
3017270,0.0
3017271,11.694508
3017272,0.0
3017273,0.0
3017274,173.73793
3017275,0.0
3017276,0.0
3017277,0.0
3017278,43.257004
3017279,0.0
3017280,89.24942
3017281,161.84427
3017282,0.0
3017283,0.0
3017284,200.6522
3017285,22.253239
3017286,284.14096
3017287,10.466478
3017288,0.0
3017289,0.0
3017290,0.0
3017291,16.636818
3017292,2876.9106
3017293,0.0
3017294,587.7418
3017295,0.0
3017296,770.2872
3017297,706.1165
3017298,197.84174
3017299,183.113
3017300,102.57736
3017301,3818.6604
3017302,0.0
3017303,0.0
3017304,5.920825
3017305,30.273872
3017306,0.0
3017307,257.58496
3017308,0.0
3017309,0.0
3017310,25.61253
3017311,128.30383
3017312,0.0
3017313,988.56055
3017314,255.23463
3017315,0.0
3017316,0.0
3017317,662.29016
3017318,72.87191
3017319,2029.3998
3017320,0.0
3017321,45.51809
3017322,0.0
3017323,0.0
3017324,45.544052
3017325,2841.302
3017326,0.0
3017327,323.5001
3017328,0.0
3017329,1275.2512
3017330,488.06763
3017331,880.6242
3017332,130.23833
3017333,43.415447
3017334,4479.8193
3017335,0.0
3017336,0.0
3017337,51.937714
3017338,0.37990016
3017339,0.0
3017340,308.07596
3017341,0.0
3017342,0.0
3017343,0.0
3017344,112.94854
3017345,0.0
3017346,133.06236
3017347,290.86307
3017348,0.0
3017349,0.0
3017350,475.653
3017351,97.67624
3017352,331.00244
3017353,136.91338
3017354,0.0
3017355,0.0
3017356,0.0
3017357,41.429585
3017358,2646.129
3017359,0.0
3017360,345.79523
3017361,0.0
3017362,1203.5361
3017363,403.5088
3017364,378.21725
3017365,163.99538
3017366,54.527714
3017367,3885.6333
3017368,2.0106268
3017369,0.0
3017370,47.823257
3017371,54.48347
3017372,0.0
3017373,298.76398
3017374,0.0
3017375,0.0
3017376,0.0
3017377,173.62456
3017378,0.0
3017379,98.68551
3017380,269.1458
3017381,0.0
3017382,0.0
3017383,422.45364
3017384,134.2546
3017385,717.335
3017386,0.0
3017387,0.34199995
3017388,0.0
3017389,0.0
3017390,0.0
3017391,1373.5355
3017392,0.0
3017393,137.32149
3017394,0.0
3017395,572.173
3017396,181.47563
3017397,214.27263
3017398,64.680176
3017399,38.764523
3017400,2199.4321
3017401,0.0
3017402,0.0
3017403,0.0
3017404,0.0
3017405,0.0
3017406,88.65742
3017407,0.0
3017408,0.0
3017409,0.0
3017410,34.54159
3017411,0.0
3017412,78.24009
3017413,62.714443
3017414,0.0
3017415,0.0
3017416,149.19012
3017417,21.998043
3017418,364.72943
3017419,0.0
3017420,0.0
3017421,0.0
3017422,0.0
3017423,0.0
3017424,1926.1852
3017425,0.0
3017426,242.7701
3017427,0.0
3017428,622.08295
3017429,398.83786
3017430,181.9236
3017431,102.06373
3017432,61.78384
3017433,2162.4429
3017434,0.0
3017435,0.0
3017436,11.111716
3017437,0.0
3017438,0.0
3017439,121.10238
3017440,0.0
3017441,0.0
3017442,0.0
3017443,15.958232
3017444,0.0
3017445,517.899
3017446,61.180313
3017447,0.0
3017448,0.0
3017449,404.62827
3017450,40.12947
3017451,772.24554
3017452,0.0
3017453,0.0
3017454,7.1408467
3017455,4.04456
3017456,172.72862
3017457,4056.02
3017458,2.9142342
3017459,860.9831
3017460,10.1886835
3017461,1004.313
3017462,1213.8818
3017463,515.03064
3017464,435.0611
3017465,85.753525
3017466,4027.5618
3017467,4.7195573
3017468,6.253365
3017469,179.12227
3017470,321.597
3017471,5.8884907
3017472,463.0403
3017473,8.057878
3017474,8.459005
3017475,7.2678304
3017476,327.1942
3017477,3.8200912
3017478,862.5611
3017479,483.74075
3017480,10.425948
3017481,7.2842717
3017482,962.60046
3017483,59.354183
3017484,2488.9062
3017485,7.5922093
3017486,244.80733
3017487,0.0
3017488,0.0
3017489,1.3306787
3017490,2661.9326
3017491,0.0
3017492,446.16086
3017493,0.0
3017494,601.48645
3017495,523.6319
3017496,258.01315
3017497,175.59566
3017498,70.24187
3017499,1690.974
3017500,0.0
3017501,0.0
3017502,7.7243714
3017503,0.0
3017504,0.0
3017505,119.07414
3017506,0.0
3017507,0.0
3017508,0.0
3017509,234.19514
3017510,0.0
3017511,505.91248
3017512,115.9087
3017513,0.0
3017514,0.0
3017515,339.0924
3017516,36.455025
3017517,954.08685
3017518,0.0
3017519,0.0
3017520,0.0
3017521,0.0
3017522,0.0
3017523,1384.8236
3017524,0.0
3017525,207.43288
3017526,0.0
3017527,364.90997
3017528,196.86823
3017529,123.37085
3017530,0.0
3017531,58.863857
3017532,1341.3916
3017533,0.0
3017534,0.0
3017535,0.0
3017536,0.0
3017537,0.0
3017538,74.52127
3017539,0.0
3017540,0.0
3017541,0.0
3017542,0.0
3017543,0.0
3017544,217.29459
3017545,0.0
3017546,0.0
3017547,0.0
3017548,134.55339
3017549,26.607819
3017550,391.8357
3017551,0.0
3017552,0.0
3017553,0.0
3017554,0.0
3017555,51.194298
3017556,3179.6392
3017557,0.0
3017558,608.49115
3017559,0.0
3017560,803.70575
3017561,748.2183
3017562,250.67534
3017563,286.4438
3017564,76.76124
3017565,3552.6602
3017566,2.540791
3017567,0.0
3017568,22.237549
3017569,52.14393
3017570,0.0
3017571,203.08841
3017572,0.0
3017573,0.0
3017574,0.0
3017575,170.22772
3017576,0.0
3017577,491.1376
3017578,226.27675
3017579,0.0
3017580,0.0
3017581,539.484
3017582,50.236786
3017583,2107.084
3017584,0.0
3017585,0.0
3017586,0.0
3017587,0.0
3017588,0.0
3017589,2997.4414
3017590,0.0
3017591,493.35495
3017592,0.0
3017593,1041.4254
3017594,589.453
3017595,350.03058
3017596,224.84766
3017597,58.31661
3017598,3611.3347
3017599,0.0
3017600,0.0
3017601,13.437094
3017602,39.90244
3017603,0.0
3017604,209.80363
3017605,0.0
3017606,0.0
3017607,0.0
3017608,142.74431
3017609,0.0
3017610,157.35504
3017611,247.76695
3017612,0.0
3017613,0.0
3017614,361.1783
3017615,96.029366
3017616,777.8698
3017617,0.0
3017618,0.0
3017619,0.0
3017620,0.0
3017621,62.720272
3017622,2562.5784
3017623,0.0
3017624,421.53378
3017625,0.0
3017626,840.39557
3017627,439.9461
3017628,331.66034
3017629,214.91032
3017630,42.097664
3017631,3083.252
3017632,0.0
3017633,0.0
3017634,53.611946
3017635,63.922146
3017636,0.0
3017637,217.94408
3017638,0.0
3017639,0.0
3017640,0.0
3017641,118.04004
3017642,0.0
3017643,105.82205
3017644,239.34685
3017645,0.0
3017646,0.0
3017647,261.8159
3017648,98.331985
3017649,762.6701
3017650,0.0
3017651,0.0
3017652,5.829618
3017653,0.0
3017654,92.11974
3017655,8280.933
3017656,0.0
3017657,1199.8469
3017658,15.780185
3017659,1678.4371
3017660,1905.622
3017661,482.88943
3017662,512.33997
3017663,341.90048
3017664,7474.753
3017665,43.149055
3017666,0.0
3017667,53.970905
3017668,100.32482
3017669,0.0
3017670,546.0381
3017671,18.90917
3017672,30.901043
3017673,175.61807
3017674,261.62912
3017675,0.0
3017676,1353.2506
3017677,558.178
3017678,0.0
3017679,11.65702
3017680,1640.4049
3017681,230.078
3017682,6665.771
3017683,0.0
3017684,228.26295
3017685,0.0
3017686,0.0
3017687,0.0
3017688,1371.1216
3017689,0.0
3017690,129.04103
3017691,0.0
3017692,573.36957
3017693,199.53471
3017694,263.55194
3017695,131.40126
3017696,31.423199
3017697,1836.2157
3017698,0.0
3017699,0.0
3017700,0.0
3017701,0.0
3017702,0.0
3017703,110.70187
3017704,0.0
3017705,0.0
3017706,0.0
3017707,94.29853
3017708,0.0
3017709,74.69045
3017710,112.9346
3017711,0.0
3017712,0.0
3017713,91.130424
3017714,16.821579
3017715,262.40088
3017716,0.0
3017717,0.0
3017718,0.0
3017719,0.0
3017720,0.0
3017721,2603.3206
3017722,0.0
3017723,407.49118
3017724,0.0
3017725,1323.1024
3017726,506.82758
3017727,469.26447
3017728,255.84076
3017729,67.249016
3017730,4057.6948
3017731,0.0
3017732,0.0
3017733,76.39421
3017734,90.81456
3017735,0.0
3017736,305.9471
3017737,0.0
3017738,0.0
3017739,0.0
3017740,131.83357
3017741,0.0
3017742,284.08636
3017743,310.4934
3017744,0.0
3017745,0.0
3017746,291.50287
3017747,132.4458
3017748,583.9411
3017749,0.0
3017750,4.974481
3017751,0.0
3017752,0.0
3017753,0.0
3017754,903.39417
3017755,0.0
3017756,84.945915
3017757,0.0
3017758,549.2476
3017759,39.688225
3017760,144.67113
3017761,23.639383
3017762,21.257376
3017763,1480.665
3017764,0.0
3017765,0.0
3017766,0.0
3017767,0.0
3017768,0.0
3017769,17.594414
3017770,0.0
3017771,0.0
3017772,0.0
3017773,0.0
3017774,0.0
3017775,114.34144
3017776,7.589525
3017777,0.0
3017778,0.0
3017779,0.0
3017780,5.173667
3017781,38.641735
3017782,0.0
3017783,0.0
3017784,0.0
3017785,0.0
3017786,10.069004
3017787,1788.7472
3017788,0.0
3017789,287.8828
3017790,0.0
3017791,895.9763
3017792,336.61536
3017793,345.45328
3017794,191.16548
3017795,56.22196
3017796,2670.158
3017797,0.0
3017798,0.0
3017799,12.13901
3017800,0.0
3017801,0.0
3017802,234.46844
3017803,0.0
3017804,0.0
3017805,0.0
3017806,117.61517
3017807,0.0
3017808,177.15637
3017809,214.3683
3017810,0.0
3017811,0.0
3017812,262.8707
3017813,25.664774
3017814,675.66516
3017815,0.0
3017816,0.0
3017817,0.0
3017818,0.0
3017819,0.0
3017820,2561.2095
3017821,0.0
3017822,566.50446
3017823,0.0
3017824,856.7288
3017825,489.48236
3017826,332.43597
3017827,196.13586
3017828,69.012886
3017829,3627.777
3017830,0.0
3017831,0.0
3017832,28.625343
3017833,29.28749
3017834,0.0
3017835,239.4388
3017836,0.0
3017837,0.0
3017838,0.0
3017839,79.95453
3017840,0.0
3017841,164.67519
3017842,261.80835
3017843,0.0
3017844,0.0
3017845,271.93207
3017846,30.635096
3017847,474.8415
3017848,0.0
3017849,0.0
3017850,0.0
3017851,0.0
3017852,0.0
3017853,1477.456
3017854,0.0
3017855,81.739105
3017856,0.0
3017857,470.0217
3017858,104.08735
3017859,162.61449
3017860,136.82742
3017861,34.32016
3017862,1635.9209
3017863,0.0
3017864,0.0
3017865,0.0
3017866,0.0
3017867,0.0
3017868,36.468975
3017869,0.0
3017870,0.0
3017871,0.0
3017872,0.0
3017873,0.0
3017874,153.10529
3017875,74.49747
3017876,0.0
3017877,0.0
3017878,22.113781
3017879,17.542974
3017880,262.14868
3017881,0.0
3017882,0.0
3017883,0.0
3017884,0.0
3017885,0.0
3017886,3026.586
3017887,0.0
3017888,440.0021
3017889,0.0
3017890,869.1158
3017891,436.40106
3017892,193.20131
3017893,191.54114
3017894,79.763725
3017895,3435.1099
3017896,0.0
3017897,0.0
3017898,7.5845804
3017899,42.32399
3017900,0.0
3017901,239.76428
3017902,0.0
3017903,0.0
3017904,0.0
3017905,129.00052
3017906,0.0
3017907,159.10504
3017908,233.94452
3017909,0.0
3017910,0.0
3017911,210.00114
3017912,76.43317
3017913,1006.52625
3017914,0.0
3017915,0.0
3017916,0.0
3017917,0.0
3017918,42.04976
3017919,3223.6716
3017920,0.0
3017921,543.9009
3017922,0.0
3017923,900.7067
3017924,797.95325
3017925,210.85077
3017926,244.60823
3017927,99.5483
3017928,3552.6562
3017929,3.4470048
3017930,0.0
3017931,22.136425
3017932,56.73117
3017933,0.0
3017934,258.94733
3017935,0.0
3017936,0.0
3017937,0.0
3017938,145.81906
3017939,0.0
3017940,414.33688
3017941,249.60522
3017942,0.0
3017943,0.0
3017944,353.8391
3017945,71.428894
3017946,2307.4153
3017947,0.0
3017948,42.548645
3017949,0.0
3017950,0.0
3017951,38.701927
3017952,2994.0688
3017953,0.0
3017954,493.51624
3017955,0.0
3017956,928.98926
3017957,661.8694
3017958,0.0
3017959,158.84937
3017960,102.07027
3017961,3220.6633
3017962,0.0
3017963,0.0
3017964,28.567158
3017965,48.4112
3017966,0.0
3017967,268.77643
3017968,0.0
3017969,0.0
3017970,0.0
3017971,116.27932
3017972,0.0
3017973,322.69028
3017974,290.55588
3017975,0.0
3017976,0.0
3017977,228.91351
3017978,61.579132
3017979,1804.671
3017980,0.0
3017981,1.0716563
3017982,0.0
3017983,0.0
3017984,42.09702
3017985,3468.1394
3017986,0.0
3017987,570.16425
3017988,0.0
3017989,1354.3331
3017990,542.43744
3017991,357.75613
3017992,284.25717
3017993,70.73966
3017994,4844.3604
3017995,0.0
3017996,0.0
3017997,31.962236
3017998,51.806286
3017999,0.0
3018000,313.4528
3018001,0.0
3018002,0.0
3018003,0.0
3018004,119.0095
3018005,0.0
3018006,397.38153
3018007,320.6584
3018008,0.0
3018009,0.0
3018010,422.81992
3018011,99.981445
3018012,1288.1045
3018013,56.589947
3018014,0.0
3018015,0.0
3018016,0.0
3018017,0.0
3018018,2510.332
3018019,0.0
3018020,322.8989
3018021,0.0
3018022,704.128
3018023,506.9129
3018024,200.53276
3018025,81.40536
3018026,121.480125
3018027,3186.319
3018028,0.0
3018029,0.0
3018030,0.0
3018031,0.0
3018032,0.0
3018033,221.5936
3018034,0.0
3018035,0.0
3018036,0.0
3018037,97.54552
3018038,0.0
3018039,555.21814
3018040,139.57198
3018041,0.0
3018042,0.0
3018043,521.2581
3018044,59.04077
3018045,1908.4215
3018046,0.0
3018047,0.0
3018048,0.0
3018049,0.0
3018050,0.0
3018051,3673.0083
3018052,0.0
3018053,437.7256
3018054,0.0
3018055,1588.2357
3018056,431.48187
3018057,836.4113
3018058,196.54378
3018059,55.37878
3018060,5643.4595
3018061,0.0
3018062,0.0
3018063,1.4662971
3018064,0.0
3018065,0.0
3018066,303.8733
3018067,0.0
3018068,0.0
3018069,0.0
3018070,118.4359
3018071,0.0
3018072,156.47481
3018073,306.58472
3018074,0.0
3018075,0.0
3018076,279.7913
3018077,32.585495
3018078,958.9411
3018079,0.0
3018080,0.0
3018081,0.0
3018082,0.0
3018083,0.0
3018084,2854.338
3018085,0.0
3018086,555.1681
3018087,0.0
3018088,917.7226
3018089,516.61255
3018090,244.89195
3018091,236.3985
3018092,129.41945
3018093,3163.2053
3018094,0.0
3018095,0.0
3018096,2.9372206
3018097,20.97959
3018098,0.0
3018099,220.03412
3018100,0.0
3018101,0.0
3018102,0.0
3018103,90.07527
3018104,0.0
3018105,317.48044
3018106,261.4193
3018107,0.0
3018108,0.0
3018109,311.1827
3018110,34.056442
3018111,1695.1979
3018112,0.0
3018113,0.0
3018114,0.0
3018115,0.0
3018116,0.0
3018117,3008.0103
3018118,0.0
3018119,589.36475
3018120,0.0
3018121,802.3936
3018122,630.31366
3018123,261.43826
3018124,272.41434
3018125,63.77439
3018126,3058.3228
3018127,0.0
3018128,0.0
3018129,0.0
3018130,85.42255
3018131,0.0
3018132,280.01514
3018133,0.0
3018134,0.0
3018135,104.88505
3018136,164.84451
3018137,0.0
3018138,412.50317
3018139,303.8184
3018140,0.0
3018141,0.0
3018142,411.53253
3018143,35.979275
3018144,2385.227
3018145,0.0
3018146,91.18225
3018147,0.0
3018148,0.0
3018149,0.0
3018150,3963.524
3018151,0.0
3018152,457.20157
3018153,0.0
3018154,1049.092
3018155,460.28757
3018156,185.0799
3018157,167.29497
3018158,47.57668
3018159,4005.7031
3018160,0.0
3018161,0.0
3018162,0.0
3018163,0.0
3018164,0.0
3018165,182.5955
3018166,0.0
3018167,0.0
3018168,0.0
3018169,76.92219
3018170,0.0
3018171,123.345375
3018172,200.98318
3018173,0.0
3018174,0.0
3018175,214.49132
3018176,44.961098
3018177,786.1126
3018178,0.0
3018179,0.0
3018180,3.714705
3018181,0.0
3018182,41.293026
3018183,9557.409
3018184,0.0
3018185,1582.6545
3018186,8.7998085
3018187,2177.8704
3018188,2177.9717
3018189,581.5489
3018190,550.1408
3018191,345.18246
3018192,9176.424
3018193,28.685099
3018194,0.0
3018195,57.69745
3018196,200.81006
3018197,0.0
3018198,631.24805
3018199,224.07753
3018200,0.0
3018201,210.4876
3018202,474.8567
3018203,0.0
3018204,1580.7853
3018205,677.61145
3018206,0.0
3018207,19.443567
3018208,1692.7236
3018209,296.11636
3018210,8832.426
3018211,401.2
3018212,134.64168
3018213,0.0
3018214,0.0
3018215,51.699036
3018216,8470.271
3018217,0.0
3018218,1364.8792
3018219,0.0
3018220,2202.7778
3018221,1532.9144
3018222,804.13025
3018223,378.61615
3018224,397.2282
3018225,9858.235
3018226,21.773773
3018227,0.0
3018228,46.864872
3018229,113.68946
3018230,0.0
3018231,636.7483
3018232,144.05391
3018233,0.0
3018234,269.93732
3018235,350.9365
3018236,0.0
3018237,2002.4027
3018238,741.8966
3018239,0.0
3018240,3.8933802
3018241,1680.3195
3018242,257.06046
3018243,5072.5474
3018244,385.45657
3018245,63.101788
3018246,0.0
3018247,0.0
3018248,0.0
3018249,5500.931
3018250,0.0
3018251,937.8684
3018252,0.0
3018253,2076.8826
3018254,990.15125
3018255,790.3212
3018256,99.05705
3018257,265.218
3018258,8515.277
3018259,0.0
3018260,0.0
3018261,0.0
3018262,37.918056
3018263,0.0
3018264,521.7545
3018265,0.0
3018266,0.0
3018267,0.0
3018268,89.59558
3018269,0.0
3018270,1706.2463
3018271,581.75244
3018272,0.0
3018273,0.0
3018274,1135.41
3018275,128.57224
3018276,2129.9907
3018277,173.26312
3018278,0.0
3018279,0.0
3018280,0.0
3018281,37.550808
3018282,8139.2505
3018283,0.0
3018284,1149.1973
3018285,0.0
3018286,2047.0068
3018287,1602.4965
3018288,836.47
3018289,404.20483
3018290,186.31369
3018291,9189.054
3018292,5.877961
3018293,0.0
3018294,7.550234
3018295,159.85445
3018296,0.0
3018297,615.0576
3018298,234.09871
3018299,0.0
3018300,185.3753
3018301,361.19836
3018302,0.0
3018303,1595.8236
3018304,894.86835
3018305,0.0
3018306,0.0
3018307,1400.5872
3018308,183.5504
3018309,4798.5596
3018310,452.69873
3018311,127.98112
3018312,0.0
3018313,0.0
3018314,0.0
3018315,4451.5186
3018316,0.0
3018317,775.30096
3018318,0.0
3018319,1727.292
3018320,736.81445
3018321,481.4941
3018322,0.0
3018323,163.36754
3018324,6809.385
3018325,0.0
3018326,0.0
3018327,0.0
3018328,0.0
3018329,0.0
3018330,463.40845
3018331,72.35464
3018332,0.0
3018333,76.14733
3018334,167.50124
3018335,0.0
3018336,1308.2677
3018337,531.0982
3018338,0.0
3018339,0.0
3018340,966.7549
3018341,102.37466
3018342,1513.9958
3018343,222.26436
3018344,0.0
3018345,0.0
3018346,0.0
3018347,55.189915
3018348,7093.731
3018349,0.0
3018350,1414.5294
3018351,0.0
3018352,1768.0922
3018353,1915.5334
3018354,447.62555
3018355,518.4881
3018356,291.86975
3018357,7318.83
3018358,14.713985
3018359,0.0
3018360,25.189323
3018361,144.8249
3018362,0.0
3018363,541.05927
3018364,297.0463
3018365,0.0
3018366,343.37775
3018367,383.24036
3018368,0.0
3018369,1600.2494
3018370,550.15466
3018371,0.0
3018372,62.91481
3018373,1385.9767
3018374,214.83548
3018375,6794.509
3018376,421.47018
3018377,173.36806
3018378,0.0
3018379,0.0
3018380,0.0
3018381,1884.765
3018382,0.0
3018383,328.30667
3018384,0.0
3018385,748.8115
3018386,341.88043
3018387,246.87381
3018388,86.22428
3018389,122.8448
3018390,2675.8987
3018391,0.0
3018392,0.0
3018393,0.0
3018394,0.0
3018395,0.0
3018396,111.08575
3018397,0.0
3018398,0.0
3018399,0.0
3018400,69.17969
3018401,0.0
3018402,340.42535
3018403,125.546646
3018404,0.0
3018405,0.0
3018406,337.42706
3018407,52.55057
3018408,1257.8988
3018409,0.0
3018410,0.0
3018411,0.0
3018412,0.0
3018413,0.0
3018414,4604.8784
3018415,0.0
3018416,724.88184
3018417,0.0
3018418,1556.5201
3018419,787.086
3018420,428.42612
3018421,142.74387
3018422,168.53958
3018423,6102.8193
3018424,0.0
3018425,0.0
3018426,0.0
3018427,63.52556
3018428,0.0
3018429,387.12054
3018430,45.093082
3018431,0.0
3018432,0.0
3018433,173.7807
3018434,0.0
3018435,925.38544
3018436,498.49377
3018437,0.0
3018438,0.0
3018439,559.34064
3018440,77.508224
3018441,1780.8597
3018442,320.16006
3018443,0.0
3018444,0.0
3018445,0.0
3018446,0.0
3018447,4929.1694
3018448,0.0
3018449,975.49316
3018450,0.0
3018451,1299.4576
3018452,1186.136
3018453,434.67697
3018454,499.66672
3018455,215.2472
3018456,5204.3755
3018457,0.0
3018458,0.0
3018459,12.704751
3018460,114.20794
3018461,0.0
3018462,345.3017
3018463,0.0
3018464,0.0
3018465,0.0
3018466,238.37404
3018467,0.0
3018468,1066.7195
3018469,425.79584
3018470,0.0
3018471,0.0
3018472,2496.8064
3018473,113.461685
3018474,4559.998
3018475,0.0
3018476,23.219166
3018477,0.0
3018478,0.0
3018479,0.0
3018480,4727.36
3018481,0.0
3018482,887.16205
3018483,0.0
3018484,1168.9651
3018485,558.96533
3018486,561.6781
3018487,557.4019
3018488,286.6879
3018489,6255.297
3018490,6.1888995
3018491,4.0048046
3018492,73.60644
3018493,97.09522
3018494,0.0
3018495,297.2124
3018496,0.0
3018497,0.5005532
3018498,0.0
3018499,231.32593
3018500,0.0
3018501,1123.2737
3018502,490.51904
3018503,0.0
3018504,87.65942
3018505,950.2992
3018506,67.695175
3018507,3244.8484
3018508,0.0
3018509,45.334606
3018510,0.0
3018511,0.0
3018512,36.831284
3018513,3010.2063
3018514,0.0
3018515,597.13116
3018516,0.0
3018517,1230.596
3018518,395.74686
3018519,202.07396
3018520,257.38745
3018521,53.354492
3018522,3630.608
3018523,0.0
3018524,0.0
3018525,16.91744
3018526,68.68322
3018527,0.0
3018528,278.18292
3018529,0.0
3018530,0.0
3018531,0.0
3018532,170.74622
3018533,0.0
3018534,546.41254
3018535,309.7798
3018536,0.0
3018537,0.0
3018538,609.1011
3018539,65.40122
3018540,1464.7117
3018541,0.0
3018542,0.0
3018543,0.0
3018544,0.0
3018545,0.0
3018546,2836.102
3018547,0.0
3018548,244.03873
3018549,0.0
3018550,1071.7767
3018551,276.7534
3018552,485.04813
3018553,115.83814
3018554,0.0
3018555,3450.1116
3018556,0.0
3018557,0.0
3018558,0.0
3018559,0.0
3018560,0.0
3018561,196.3463
3018562,0.0
3018563,0.0
3018564,0.0
3018565,31.822926
3018566,0.0
3018567,42.14916
3018568,178.4064
3018569,0.0
3018570,0.0
3018571,203.5405
3018572,49.448982
3018573,696.02344
3018574,0.0
3018575,0.0
3018576,0.0
3018577,0.0
3018578,12.730169
3018579,3707.0793
3018580,0.0
3018581,529.80225
3018582,0.0
3018583,949.63965
3018584,736.15375
3018585,273.50476
3018586,149.48854
3018587,144.63472
3018588,4407.4854
3018589,0.0
3018590,0.0
3018591,0.0
3018592,37.882023
3018593,0.0
3018594,261.0555
3018595,0.0
3018596,0.0
3018597,36.044445
3018598,131.15935
3018599,0.0
3018600,730.074
3018601,243.3069
3018602,0.0
3018603,0.0
3018604,741.31396
3018605,74.34037
3018606,1817.6595
3018607,0.0
3018608,13.815709
3018609,0.0
3018610,0.0
3018611,21.387741
3018612,4379.7217
3018613,0.0
3018614,681.1845
3018615,0.0
3018616,955.405
3018617,1131.7825
3018618,223.10008
3018619,325.91446
3018620,150.79787
3018621,4151.2793
3018622,0.0
3018623,0.0
3018624,20.98136
3018625,46.539577
3018626,0.0
3018627,261.80518
3018628,0.0
3018629,0.0
3018630,44.701992
3018631,182.7567
3018632,0.0
3018633,769.38324
3018634,245.3709
3018635,0.0
3018636,39.366886
3018637,810.8124
3018638,118.97696
3018639,4603.2075
3018640,0.0
3018641,53.836674
3018642,0.0
3018643,0.0
3018644,32.018593
3018645,4664.218
3018646,0.0
3018647,791.82336
3018648,0.0
3018649,1097.0712
3018650,1317.1042
3018651,284.48895
3018652,270.80475
3018653,128.0836
3018654,4473.7075
3018655,6.5880923
3018656,0.0
3018657,32.43532
3018658,56.27498
3018659,0.0
3018660,349.7538
3018661,0.0
3018662,0.0
3018663,0.0
3018664,243.87714
3018665,0.0
3018666,847.01416
3018667,356.8901
3018668,0.0
3018669,0.0
3018670,827.5884
3018671,136.95747
3018672,4076.4548
3018673,0.0
3018674,73.07761
3018675,0.0
3018676,0.0
3018677,0.0
3018678,3065.6904
3018679,0.0
3018680,478.8437
3018681,0.0
3018682,1311.1805
3018683,644.5372
3018684,454.5396
3018685,130.68318
3018686,39.69499
3018687,5330.2876
3018688,0.0
3018689,0.0
3018690,0.0
3018691,11.398521
3018692,0.0
3018693,348.3589
3018694,0.0
3018695,0.0
3018696,9.560921
3018697,67.316696
3018698,0.0
3018699,272.1495
3018700,344.58832
3018701,0.0
3018702,0.0
3018703,437.09384
3018704,57.302086
3018705,1196.5308
3018706,87.59889
3018707,0.0
3018708,0.0
3018709,0.0
3018710,0.0
3018711,1924.8192
3018712,0.0
3018713,319.17654
3018714,0.0
3018715,538.74976
3018716,597.3818
3018717,102.53876
3018718,128.65627
3018719,135.39902
3018720,1938.1788
3018721,0.0
3018722,0.0
3018723,0.0
3018724,0.0
3018725,0.0
3018726,135.61925
3018727,0.0
3018728,0.0
3018729,0.0
3018730,63.248955
3018731,0.0
3018732,229.86757
3018733,125.767654
3018734,0.0
3018735,0.0
3018736,260.45132
3018737,56.88032
3018738,1861.9506
3018739,0.0
3018740,0.0
3018741,0.0
3018742,0.0
3018743,0.0
3018744,1254.1697
3018745,0.0
3018746,69.029526
3018747,0.0
3018748,837.60175
3018749,124.8489
3018750,259.87015
3018751,25.194687
3018752,0.0
3018753,2715.2073
3018754,0.0
3018755,0.0
3018756,0.0
3018757,0.0
3018758,0.0
3018759,151.88313
3018760,0.0
3018761,0.0
3018762,0.0
3018763,8.40935
3018764,0.0
3018765,226.45067
3018766,98.83449
3018767,0.0
3018768,0.0
3018769,271.41403
3018770,2.843384
3018771,218.12598
3018772,0.0
3018773,0.0
3018774,0.0
3018775,0.0
3018776,19.320372
3018777,5175.4014
3018778,0.0
3018779,547.7645
3018780,0.0
3018781,2130.2473
3018782,580.58826
3018783,557.39557
3018784,143.8488
3018785,215.78967
3018786,7242.407
3018787,5.4716067
3018788,0.0
3018789,67.41758
3018790,56.557163
3018791,0.0
3018792,447.28223
3018793,0.0
3018794,0.0
3018795,0.0
3018796,242.98628
3018797,0.0
3018798,416.36432
3018799,503.3428
3018800,0.0
3018801,0.0
3018802,420.31683
3018803,28.313383
3018804,900.79614
3018805,228.49167
3018806,97.535866
3018807,0.0
3018808,0.0
3018809,0.0
3018810,1690.9294
3018811,0.0
3018812,116.78229
3018813,0.0
3018814,950.2751
3018815,360.23294
3018816,257.4432
3018817,65.116394
3018818,30.577988
3018819,2854.7751
3018820,0.0
3018821,0.0
3018822,0.0
3018823,0.0
3018824,0.0
3018825,246.45178
3018826,0.0
3018827,0.0
3018828,0.0
3018829,46.506542
3018830,0.0
3018831,147.5202
3018832,217.84048
3018833,0.0
3018834,0.0
3018835,163.74176
3018836,26.61315
3018837,117.52911
3018838,0.0
3018839,0.0
3018840,0.0
3018841,0.0
3018842,0.0
3018843,1655.7662
3018844,0.0
3018845,94.44372
3018846,0.0
3018847,952.9184
3018848,295.19095
3018849,245.64558
3018850,45.008488
3018851,42.439697
3018852,3041.5469
3018853,0.0
3018854,0.0
3018855,0.0
3018856,0.0
3018857,0.0
3018858,257.3926
3018859,0.0
3018860,0.0
3018861,0.0
3018862,37.30393
3018863,0.0
3018864,145.88925
3018865,238.49402
3018866,0.0
3018867,0.0
3018868,124.06007
3018869,24.982187
3018870,112.38489
3018871,0.0
3018872,0.0
3018873,0.0
3018874,0.0
3018875,0.0
3018876,1600.5233
3018877,0.0
3018878,110.4347
3018879,0.0
3018880,1257.5842
3018881,301.20285
3018882,269.96854
3018883,48.011227
3018884,28.3941
3018885,3402.6328
3018886,0.0
3018887,0.0
3018888,0.0
3018889,0.0
3018890,0.0
3018891,276.38232
3018892,0.0
3018893,0.0
3018894,0.0
3018895,45.89545
3018896,0.0
3018897,222.38739
3018898,299.29688
3018899,0.0
3018900,0.0
3018901,137.94943
3018902,33.573727
3018903,210.92438
3018904,0.0
3018905,0.0
3018906,0.0
3018907,0.0
3018908,0.0
3018909,1714.8448
3018910,0.0
3018911,113.42453
3018912,0.0
3018913,1071.9703
3018914,262.77036
3018915,273.78397
3018916,27.34735
3018917,50.845444
3018918,3147.6
3018919,0.0
3018920,0.0
3018921,0.0
3018922,0.0
3018923,0.0
3018924,246.54124
3018925,0.0
3018926,0.0
3018927,0.0
3018928,0.0
3018929,0.0
3018930,125.689735
3018931,227.24942
3018932,0.0
3018933,0.0
3018934,192.58658
3018935,30.46463
3018936,379.52045
3018937,0.0
3018938,0.0
3018939,0.0
3018940,0.0
3018941,0.0
3018942,1262.9307
3018943,0.0
3018944,120.901726
3018945,0.0
3018946,989.9433
3018947,221.87619
3018948,258.56714
3018949,101.85867
3018950,0.0
3018951,2307.1047
3018952,0.0
3018953,0.0
3018954,0.0
3018955,0.0
3018956,0.0
3018957,208.7133
3018958,0.0
3018959,0.0
3018960,0.0
3018961,38.266163
3018962,0.0
3018963,125.39216
3018964,157.53207
3018965,0.0
3018966,0.0
3018967,131.81367
3018968,25.410686
3018969,312.4519
3018970,0.0
3018971,0.0
3018972,0.0
3018973,0.0
3018974,40.21347
3018975,3525.5586
3018976,0.0
3018977,286.71994
3018978,0.0
3018979,1296.4342
3018980,672.2052
3018981,565.37537
3018982,191.2043
3018983,206.32439
3018984,4849.1074
3018985,0.0
3018986,0.0
3018987,59.600746
3018988,57.062717
3018989,0.0
3018990,385.46268
3018991,0.0
3018992,0.0
3018993,133.22691
3018994,59.164345
3018995,0.0
3018996,186.33966
3018997,406.1008
3018998,0.0
3018999,0.0
3019000,345.9781
3019001,31.894701
3019002,1074.6711
3019003,127.25466
3019004,29.700163
3019005,0.0
3019006,0.0
3019007,0.0
3019008,2774.3228
3019009,0.0
3019010,440.33896
3019011,0.0
3019012,877.14215
3019013,533.1781
3019014,328.81882
3019015,138.22516
3019016,52.6387
3019017,3250.4006
3019018,0.0
3019019,0.0
3019020,6.621755
3019021,9.330347
3019022,0.0
3019023,300.29507
3019024,0.0
3019025,0.0
3019026,0.0
3019027,94.41427
3019028,0.0
3019029,120.30373
3019030,298.65604
3019031,0.0
3019032,0.0
3019033,215.11787
3019034,23.907303
3019035,1201.0253
3019036,94.422325
3019037,0.0
3019038,0.0
3019039,0.0
3019040,0.0
3019041,2842.8047
3019042,0.0
3019043,292.5552
3019044,0.0
3019045,1339.3254
3019046,412.43805
3019047,402.56693
3019048,102.76901
3019049,142.28966
3019050,4034.7664
3019051,0.0
3019052,0.0
3019053,11.61778
3019054,0.0
3019055,0.0
3019056,264.77777
3019057,0.0
3019058,0.0
3019059,0.0
3019060,54.818943
3019061,0.0
3019062,125.88967
3019063,312.52545
3019064,0.0
3019065,0.0
3019066,150.39836
3019067,29.493256
3019068,463.91812
3019069,23.400688
3019070,0.0
3019071,0.0
3019072,0.0
3019073,0.0
3019074,3517.0518
3019075,0.0
3019076,638.14307
3019077,0.0
3019078,726.3888
3019079,803.90674
3019080,135.05994
3019081,172.20897
3019082,143.3333
3019083,4598.5947
3019084,0.0
3019085,0.0
3019086,0.0
3019087,0.0
3019088,0.0
3019089,212.7294
3019090,0.0
3019091,0.0
3019092,0.0
3019093,101.244995
3019094,0.0
3019095,455.92502
3019096,253.0252
3019097,0.0
3019098,0.0
3019099,542.394
3019100,117.859535
3019101,2405.5242
3019102,0.0
3019103,0.0
3019104,0.0
3019105,0.0
3019106,61.69714
3019107,3674.7031
3019108,0.0
3019109,354.03476
3019110,0.0
3019111,1707.3899
3019112,689.868
3019113,656.0132
3019114,132.70421
3019115,310.43866
3019116,6074.434
3019117,0.55951303
3019118,0.0
3019119,13.032518
3019120,49.322956
3019121,0.0
3019122,456.3436
3019123,0.0
3019124,0.0
3019125,64.76242
3019126,201.11978
3019127,0.0
3019128,169.70273
3019129,428.2342
3019130,0.0
3019131,0.0
3019132,250.52814
3019133,50.922646
3019134,838.29895
3019135,132.1363
3019136,58.365993
3019137,0.0
3019138,0.0
3019139,25.439968
3019140,3002.3933
3019141,0.0
3019142,374.31564
3019143,0.0
3019144,1516.7847
3019145,581.50116
3019146,431.59167
3019147,163.54199
3019148,256.79984
3019149,5012.5728
3019150,3.656258
3019151,0.0
3019152,90.24436
3019153,76.08957
3019154,0.0
3019155,407.8932
3019156,0.0
3019157,0.0
3019158,0.0
3019159,164.66966
3019160,0.0
3019161,132.40651
3019162,369.4101
3019163,0.0
3019164,0.0
3019165,164.86084
3019166,46.76426
3019167,847.2013
3019168,0.0
3019169,63.842506
3019170,0.0
3019171,0.0
3019172,0.0
3019173,1541.5503
3019174,0.0
3019175,145.96788
3019176,0.0
3019177,721.2446
3019178,235.22896
3019179,128.89668
3019180,60.902046
3019181,102.40857
3019182,2368.5007
3019183,0.0
3019184,0.0
3019185,0.0
3019186,0.0
3019187,0.0
3019188,170.68506
3019189,0.0
3019190,0.0
3019191,0.0
3019192,30.107414
3019193,0.0
3019194,108.63635
3019195,150.86253
3019196,0.0
3019197,0.0
3019198,141.09071
3019199,22.994112
3019200,491.2707
3019201,0.0
3019202,0.0
3019203,0.0
3019204,0.0
3019205,0.0
3019206,2131.773
3019207,0.0
3019208,287.57364
3019209,0.0
3019210,797.60706
3019211,459.05475
3019212,133.98944
3019213,72.60732
3019214,92.13672
3019215,2342.0771
3019216,0.0
3019217,0.0
3019218,3.2353878
3019219,0.0
3019220,0.0
3019221,129.7781
3019222,0.0
3019223,0.0
3019224,0.0
3019225,27.21561
3019226,0.0
3019227,525.6727
3019228,145.37933
3019229,0.0
3019230,0.0
3019231,301.16965
3019232,41.125523
3019233,937.511
3019234,0.0
3019235,0.0
3019236,1.4301591
3019237,0.0
3019238,149.38269
3019239,4401.6226
3019240,0.0
3019241,896.9418
3019242,2.9701762
3019243,1156.6168
3019244,1210.6738
3019245,566.89307
3019246,122.46546
3019247,112.07481
3019248,4270.008
3019249,0.0
3019250,0.54267603
3019251,168.76993
3019252,248.824
3019253,0.0
3019254,477.7991
3019255,2.3471925
3019256,2.7483115
3019257,1.5571451
3019258,334.42004
3019259,0.0
3019260,260.91022
3019261,580.4809
3019262,1.7746558
3019263,1.5735865
3019264,363.1006
3019265,56.318604
3019266,3077.529
3019267,0.0
3019268,126.26517
3019269,0.0
3019270,0.0
3019271,0.0
3019272,2870.5835
3019273,0.0
3019274,384.29166
3019275,0.0
3019276,683.16534
3019277,507.141
3019278,117.33835
3019279,106.06654
3019280,99.136696
3019281,2081.8877
3019282,0.0
3019283,0.0
3019284,0.0
3019285,0.0
3019286,0.0
3019287,132.10118
3019288,0.0
3019289,0.0
3019290,0.0
3019291,273.3151
3019292,0.0
3019293,236.85843
3019294,102.06804
3019295,0.0
3019296,0.0
3019297,210.1878
3019298,35.993057
3019299,1189.2423
3019300,0.0
3019301,0.0
3019302,0.0
3019303,0.0
3019304,0.0
3019305,1645.7056
3019306,0.0
3019307,110.06698
3019308,0.0
3019309,443.7001
3019310,182.40865
3019311,53.90692
3019312,96.21941
3019313,87.75871
3019314,1599.8623
3019315,0.0
3019316,0.0
3019317,0.0
3019318,0.0
3019319,0.0
3019320,82.07916
3019321,0.0
3019322,0.0
3019323,0.0
3019324,19.953068
3019325,0.0
3019326,227.01126
3019327,0.0
3019328,0.0
3019329,0.0
3019330,227.05475
3019331,26.145884
3019332,549.2528
3019333,0.0
3019334,0.0
3019335,14.677565
3019336,8.012027
3019337,0.0
3019338,3770.5303
3019339,0.08862905
3019340,700.3519
3019341,16.217579
3019342,1075.6501
3019343,888.4459
3019344,449.4682
3019345,165.84543
3019346,129.17375
3019347,4227.5513
3019348,22.921333
3019349,13.790079
3019350,88.08865
3019351,60.74312
3019352,8.794613
3019353,293.65686
3019354,15.594595
3019355,15.995721
3019356,14.804548
3019357,267.91428
3019358,1.5401704
3019359,222.95912
3019360,357.91367
3019361,15.022062
3019362,14.82099
3019363,292.1349
3019364,73.29247
3019365,2351.8828
3019366,10.38741
3019367,58.22875
3019368,5.8771124
3019369,0.0
3019370,0.0
3019371,3810.621
3019372,0.0
3019373,548.5218
3019374,7.4171267
3019375,1455.7025
3019376,744.3277
3019377,477.5498
3019378,243.12921
3019379,233.63036
3019380,5033.5615
3019381,14.120869
3019382,4.989628
3019383,79.2882
3019384,57.150246
3019385,0.0
3019386,349.10098
3019387,0.0
3019388,7.195266
3019389,6.004096
3019390,259.11383
3019391,0.0
3019392,189.86519
3019393,392.469
3019394,6.221608
3019395,6.0205374
3019396,300.35568
3019397,64.49202
3019398,1370.9177
3019399,1.5869519
3019400,54.187588
3019401,0.0
3019402,0.0
3019403,0.0
3019404,3207.2915
3019405,0.0
3019406,454.09283
3019407,0.0
3019408,1135.2849
3019409,590.33765
3019410,352.45834
3019411,207.08969
3019412,204.9506
3019413,4175.766
3019414,0.0
3019415,0.0
3019416,43.248756
3019417,44.360672
3019418,0.0
3019419,331.13947
3019420,0.0
3019421,0.0
3019422,0.0
3019423,182.52031
3019424,0.0
3019425,112.22992
3019426,355.08902
3019427,0.0
3019428,0.0
3019429,192.92746
3019430,24.449612
3019431,899.0939
3019432,0.0
3019433,18.995726
3019434,11.21981
3019435,0.0
3019436,131.60413
3019437,10617.804
3019438,0.0
3019439,1382.0859
3019440,19.662561
3019441,1909.1844
3019442,2149.8765
3019443,563.2073
3019444,494.53207
3019445,290.12656
3019446,9573.744
3019447,48.53925
3019448,1.1902921
3019449,58.33965
3019450,128.02844
3019451,0.0
3019452,689.55865
3019453,24.29936
3019454,36.291237
3019455,163.52545
3019456,364.69412
3019457,0.0
3019458,735.155
3019459,510.72415
3019460,5.4406333
3019461,166.92474
3019462,1262.9058
3019463,278.1642
3019464,7875.762
3019465,0.0
3019466,188.41077
3019467,0.0
3019468,0.0
3019469,0.0
3019470,1365.9938
3019471,0.0
3019472,179.49368
3019473,0.0
3019474,691.6044
3019475,225.22687
3019476,140.23627
3019477,91.91714
3019478,40.40652
3019479,1688.5739
3019480,0.0
3019481,0.0
3019482,0.0
3019483,0.0
3019484,0.0
3019485,106.47309
3019486,0.0
3019487,0.0
3019488,0.0
3019489,120.640175
3019490,0.0
3019491,81.09835
3019492,99.126305
3019493,0.0
3019494,0.0
3019495,70.556725
3019496,13.775138
3019497,299.24286
3019498,0.0
3019499,0.0
3019500,0.0
3019501,0.0
3019502,0.0
3019503,2945.0278
3019504,0.0
3019505,476.29742
3019506,0.9507358
3019507,1692.1289
3019508,577.1062
3019509,335.3181
3019510,252.42801
3019511,261.49268
3019512,4959.354
3019513,1.0136476
3019514,3.9402657
3019515,80.04795
3019516,81.15987
3019517,0.0
3019518,389.24197
3019519,0.32775137
3019520,0.72887677
3019521,0.0
3019522,195.3659
3019523,0.0
3019524,234.2794
3019525,391.528
3019526,0.0
3019527,0.0
3019528,160.00343
3019529,58.025665
3019530,1003.8652
3019531,0.0
3019532,50.188076
3019533,0.0
3019534,0.0
3019535,0.0
3019536,1028.4342
3019537,0.0
3019538,112.8176
3019539,0.0
3019540,682.45087
3019541,141.57695
3019542,22.722588
3019543,13.617079
3019544,0.0
3019545,2153.424
3019546,0.0
3019547,0.0
3019548,0.0
3019549,0.0
3019550,0.0
3019551,71.00641
3019552,0.0
3019553,0.0
3019554,0.0
3019555,0.0
3019556,0.0
3019557,124.04657
3019558,54.24082
3019559,0.0
3019560,0.0
3019561,107.401955
3019562,5.4243984
3019563,196.77136
3019564,0.0
3019565,0.0
3019566,0.0
3019567,0.0
3019568,0.0
3019569,2135.8616
3019570,0.0
3019571,330.06464
3019572,0.0
3019573,1186.7854
3019574,404.05197
3019575,254.0337
3019576,186.82666
3019577,124.68658
3019578,3659.1003
3019579,0.0
3019580,0.0
3019581,22.272453
3019582,1.3074107
3019583,0.0
3019584,267.29715
3019585,0.0
3019586,0.0
3019587,0.0
3019588,152.93777
3019589,0.0
3019590,192.54498
3019591,277.09158
3019592,0.0
3019593,0.0
3019594,203.26772
3019595,31.598942
3019596,839.47876
3019597,0.0
3019598,0.0
3019599,0.0
3019600,0.0
3019601,0.0
3019602,3070.8323
3019603,0.0
3019604,610.0007
3019605,0.0
3019606,1057.7522
3019607,541.00793
3019608,243.95987
3019609,189.40019
3019610,138.72002
3019611,4297.9805
3019612,0.0
3019613,0.0
3019614,24.845964
3019615,25.957907
3019616,0.0
3019617,263.43338
3019618,0.0
3019619,0.0
3019620,0.0
3019621,127.92763
3019622,0.0
3019623,177.667
3019624,312.24707
3019625,0.0
3019626,0.0
3019627,162.26375
3019628,34.172466
3019629,641.859
3019630,0.0
3019631,0.80436903
3019632,0.0
3019633,0.0
3019634,0.0
3019635,1627.4661
3019636,0.0
3019637,86.37059
3019638,0.0
3019639,573.027
3019640,112.25354
3019641,50.364975
3019642,118.26582
3019643,0.0
3019644,2321.2224
3019645,0.0
3019646,0.0
3019647,0.0
3019648,0.0
3019649,0.0
3019650,52.495316
3019651,0.0
3019652,0.0
3019653,0.0
3019654,0.0
3019655,0.0
3019656,166.09714
3019657,62.480717
3019658,0.0
3019659,0.0
3019660,126.406
3019661,21.080341
3019662,452.6172
3019663,0.0
3019664,0.0
3019665,0.0
3019666,0.0
3019667,0.0
3019668,3463.141
3019669,0.0
3019670,514.64886
3019671,0.0
3019672,986.3263
3019673,522.75476
3019674,266.7556
3019675,172.97964
3019676,120.99805
3019677,4032.3645
3019678,0.0
3019679,0.0
3019680,13.416748
3019681,33.625107
3019682,0.0
3019683,285.61868
3019684,0.0
3019685,0.0
3019686,0.0
3019687,156.2858
3019688,0.0
3019689,172.09686
3019690,277.06384
3019691,0.0
3019692,0.0
3019693,152.73895
3019694,28.159878
3019695,1156.1171
3019696,0.0
3019697,12.620174
3019698,0.0
3019699,0.0
3019700,0.0
3019701,3423.9897
3019702,0.0
3019703,571.7593
3019704,0.0
3019705,1110.021
3019706,840.0451
3019707,190.76991
3019708,133.46208
3019709,125.39301
3019710,3693.1343
3019711,0.0
3019712,0.0
3019713,11.307542
3019714,29.110626
3019715,0.0
3019716,271.48978
3019717,0.0
3019718,0.0
3019719,0.0
3019720,154.71243
3019721,0.0
3019722,170.71315
3019723,301.41605
3019724,0.0
3019725,0.0
3019726,182.1735
3019727,69.472336
3019728,2546.1392
3019729,0.0
3019730,0.0
3019731,0.0
3019732,0.0
3019733,0.0
3019734,3788.1428
3019735,0.0
3019736,692.05396
3019737,0.0
3019738,1300.8733
3019739,878.4514
3019740,305.5333
3019741,140.49469
3019742,145.70648
3019743,4585.761
3019744,6.757008
3019745,0.0
3019746,44.619686
3019747,44.693783
3019748,0.0
3019749,451.10092
3019750,0.0
3019751,0.0
3019752,0.0
3019753,170.79189
3019754,0.0
3019755,177.74582
3019756,541.3932
3019757,0.0
3019758,45.54779
3019759,189.2061
3019760,77.413994
3019761,2083.0417
3019762,0.0
3019763,17.751596
3019764,0.0
3019765,0.0
3019766,36.44807
3019767,4137.325
3019768,0.0
3019769,674.80176
3019770,0.0
3019771,1789.1215
3019772,667.0692
3019773,299.38217
3019774,288.64566
3019775,272.1171
3019776,5952.0015
3019777,3.49866
3019778,0.0
3019779,39.3069
3019780,58.72693
3019781,0.0
3019782,428.4085
3019783,0.0
3019784,0.0
3019785,46.962303
3019786,164.80237
3019787,0.0
3019788,399.24002
3019789,455.75766
3019790,0.0
3019791,0.0
3019792,240.78214
3019793,57.79282
3019794,1536.949
3019795,51.492462
3019796,31.17991
3019797,0.0
3019798,0.0
3019799,0.0
3019800,2954.757
3019801,0.0
3019802,411.595
3019803,0.0
3019804,918.061
3019805,739.75604
3019806,182.701
3019807,196.37534
3019808,162.17351
3019809,3939.432
3019810,0.0
3019811,0.0
3019812,28.90287
3019813,23.4728
3019814,0.0
3019815,205.27316
3019816,0.0
3019817,0.0
3019818,0.0
3019819,170.08484
3019820,0.0
3019821,383.6712
3019822,196.80453
3019823,0.0
3019824,0.0
3019825,488.9494
3019826,81.72636
3019827,2439.4048
3019828,0.0
3019829,60.31358
3019830,0.0
3019831,0.0
3019832,29.091219
3019833,4376.957
3019834,0.0
3019835,507.25775
3019836,0.0
3019837,1937.162
3019838,527.65247
3019839,302.91556
3019840,200.93216
3019841,188.3301
3019842,6516.9873
3019843,0.0
3019844,0.0
3019845,0.0
3019846,34.59185
3019847,0.0
3019848,417.7023
3019849,0.0
3019850,0.0
3019851,0.0
3019852,152.73354
3019853,0.0
3019854,158.33324
3019855,422.35385
3019856,0.0
3019857,0.0
3019858,172.34659
3019859,39.712482
3019860,1085.5203
3019861,0.0
3019862,0.0
3019863,0.0
3019864,0.0
3019865,0.0
3019866,3403.0776
3019867,0.0
3019868,646.31964
3019869,0.0
3019870,1227.288
3019871,641.24445
3019872,261.43756
3019873,122.188774
3019874,126.61192
3019875,4340.517
3019876,0.0
3019877,0.0
3019878,14.91363
3019879,30.258501
3019880,0.0
3019881,309.5336
3019882,0.0
3019883,0.0
3019884,0.0
3019885,140.31046
3019886,0.0
3019887,188.37532
3019888,385.9802
3019889,0.0
3019890,0.0
3019891,173.81752
3019892,41.183453
3019893,1934.2078
3019894,0.0
3019895,0.0
3019896,0.0
3019897,0.0
3019898,0.0
3019899,3548.8572
3019900,0.0
3019901,619.8193
3019902,0.0
3019903,1095.4064
3019904,765.3447
3019905,270.3427
3019906,110.90987
3019907,98.70263
3019908,4127.4453
3019909,0.0
3019910,0.0
3019911,0.0
3019912,94.701454
3019913,0.0
3019914,402.636
3019915,0.0
3019916,0.0
3019917,0.0
3019918,273.62228
3019919,0.0
3019920,158.642
3019921,406.49258
3019922,0.0
3019923,0.0
3019924,267.09406
3019925,43.1063
3019926,2510.8904
3019927,0.0
3019928,43.323032
3019929,0.0
3019930,0.0
3019931,0.0
3019932,4839.5176
3019933,0.0
3019934,415.51938
3019935,0.0
3019936,1289.2888
3019937,581.00397
3019938,189.81665
3019939,136.86903
3019940,54.007317
3019941,4482.1094
3019942,0.0
3019943,0.0
3019944,0.0
3019945,0.0
3019946,0.0
3019947,186.00452
3019948,0.0
3019949,0.0
3019950,0.0
3019951,65.27112
3019952,0.0
3019953,134.44121
3019954,246.12515
3019955,0.0
3019956,0.0
3019957,156.921
3019958,45.348125
3019959,1150.32
3019960,0.0
3019961,0.0
3019962,10.534076
3019963,0.0
3019964,70.34815
3019965,13921.711
3019966,0.0
3019967,2042.4054
3019968,14.1688
3019969,2953.6545
3019970,2910.3704
3019971,787.0694
3019972,686.49817
3019973,430.5645
3019974,13083.293
3019975,35.50447
3019976,0.0
3019977,250.58038
3019978,186.39108
3019979,0.0
3019980,865.16547
3019981,342.01117
3019982,0.0
3019983,288.88364
3019984,572.44586
3019985,0.0
3019986,977.4997
3019987,984.34436
3019988,0.0
3019989,26.262938
3019990,1520.7291
3019991,386.77612
3019992,11689.774
3019993,413.79385
3019994,127.13222
3019995,0.0
3019996,0.0
3019997,76.009605
3019998,12884.124
3019999,0.0
3020000,1705.8105
3020001,0.0
3020002,3076.4836
3020003,2337.8047
3020004,814.1385
3020005,421.99033
3020006,408.66248
3020007,13597.782
3020008,18.246824
3020009,0.0
3020010,155.654
3020011,133.57616
3020012,0.0
3020013,901.2253
3020014,289.19635
3020015,0.0
3020016,270.39996
3020017,478.0847
3020018,0.0
3020019,1276.0736
3020020,1108.8151
3020021,0.0
3020022,5.9682417
3020023,1540.1088
3020024,308.46487
3020025,7523.2876
3020026,483.89395
3020027,111.55496
3020028,0.0
3020029,0.0
3020030,14.456964
3020031,8602.356
3020032,0.0
3020033,1341.2081
3020034,0.0
3020035,2877.3733
3020036,1575.5494
3020037,966.21924
3020038,234.84071
3020039,321.60498
3020040,12850.948
3020041,0.0
3020042,0.0
3020043,22.24849
3020044,0.0
3020045,0.0
3020046,809.2795
3020047,177.12517
3020048,0.0
3020049,92.94886
3020050,271.99603
3020051,0.0
3020052,1251.727
3020053,949.55035
3020054,0.0
3020055,112.098335
3020056,1299.476
3020057,190.43373
3020058,2907.7124
3020059,293.44388
3020060,54.01953
3020061,0.0
3020062,0.0
3020063,75.99573
3020064,11346.279
3020065,0.0
3020066,1597.7063
3020067,0.0
3020068,2996.3784
3020069,2202.6396
3020070,808.82794
3020071,278.7056
3020072,277.5573
3020073,12967.209
3020074,12.9574795
3020075,0.0
3020076,205.62022
3020077,155.93225
3020078,0.0
3020079,862.54803
3020080,369.52725
3020081,0.0
3020082,323.7631
3020083,469.39447
3020084,0.0
3020085,988.00946
3020086,1033.1149
3020087,0.0
3020088,0.0
3020089,1379.9086
3020090,268.55487
3020091,6075.641
3020092,570.09607
3020093,86.86411
3020094,0.0
3020095,0.0
3020096,0.0
3020097,6852.9414
3020098,0.0
3020099,1158.5299
3020100,0.0
3020101,2651.6772
3020102,1278.4554
3020103,785.2832
3020104,190.04399
3020105,265.81924
3020106,11175.841
3020107,0.0
3020108,0.0
3020109,65.376274
3020110,97.101135
3020111,0.0
3020112,776.0921
3020113,169.4233
3020114,0.0
3020115,139.51015
3020116,287.66174
3020117,0.0
3020118,1039.929
3020119,860.38824
3020120,0.0
3020121,66.9641
3020122,1088.9562
3020123,167.56502
3020124,2467.139
3020125,330.94507
3020126,0.0
3020127,0.0
3020128,0.0
3020129,56.152813
3020130,9199.084
3020131,0.0
3020132,1618.3153
3020133,0.0
3020134,2269.9602
3020135,2209.6743
3020136,559.45416
3020137,380.3715
3020138,294.7109
3020139,9133.9
3020140,13.005753
3020141,0.0
3020142,135.79723
3020143,155.95224
3020144,0.0
3020145,640.76166
3020146,386.26462
3020147,0.0
3020148,353.5961
3020149,499.2271
3020150,0.0
3020151,672.1606
3020152,1013.9443
3020153,0.0
3020154,0.0
3020155,997.0416
3020156,249.59016
3020157,8201.252
3020158,567.429
3020159,95.71549
3020160,0.0
3020161,0.0
3020162,0.0
3020163,1920.3827
3020164,0.0
3020165,229.59123
3020166,0.0
3020167,828.2943
3020168,441.13306
3020169,47.21093
3020170,135.55367
3020171,141.40761
3020172,3137.8762
3020173,0.0
3020174,0.0
3020175,0.0
3020176,0.0
3020177,0.0
3020178,111.71555
3020179,0.0
3020180,0.0
3020181,0.0
3020182,24.04219
3020183,0.0
3020184,335.7603
3020185,14.800814
3020186,0.0
3020187,0.0
3020188,277.32477
3020189,53.105545
3020190,1472.8656
3020191,0.0
3020192,0.0
3020193,0.0
3020194,0.0
3020195,0.0
3020196,5827.768
3020197,0.0
3020198,830.81067
3020199,0.0
3020200,1944.1802
3020201,960.1188
3020202,580.8086
3020203,143.48758
3020204,263.0366
3020205,8306.455
3020206,0.0
3020207,0.0
3020208,33.80547
3020209,1.249213
3020210,0.0
3020211,437.6252
3020212,24.63162
3020213,0.0
3020214,0.0
3020215,173.43806
3020216,0.0
3020217,597.67194
3020218,607.58093
3020219,0.0
3020220,0.0
3020221,463.455
3020222,106.86064
3020223,2530.8643
3020224,315.59183
3020225,0.0
3020226,0.0
3020227,0.0
3020228,0.0
3020229,5870.6836
3020230,0.0
3020231,1119.5343
3020232,0.0
3020233,1794.6556
3020234,1310.745
3020235,384.64905
3020236,272.75162
3020237,305.82242
3020238,5919.257
3020239,4.3036523
3020240,0.0
3020241,85.08762
3020242,63.94934
3020243,0.0
3020244,365.47162
3020245,0.0
3020246,0.0
3020247,0.0
3020248,226.69836
3020249,0.0
3020250,619.32227
3020251,446.48224
3020252,0.0
3020253,14.95394
3020254,739.55536
3020255,131.57413
3020256,5397.3784
3020257,0.0
3020258,0.0
3020259,0.0
3020260,0.0
3020261,34.397865
3020262,5599.844
3020263,0.0
3020264,847.05023
3020265,0.0
3020266,1357.054
3020267,481.08987
3020268,461.7911
3020269,71.27948
3020270,121.74323
3020271,6662.5034
3020272,0.0
3020273,0.0
3020274,0.0
3020275,33.14378
3020276,0.0
3020277,390.8459
3020278,0.0
3020279,0.0
3020280,0.0
3020281,201.88844
3020282,0.0
3020283,171.8284
3020284,563.9514
3020285,0.0
3020286,33.207146
3020287,137.02267
3020288,61.073307
3020289,4099.431
3020290,0.0
3020291,0.0
3020292,0.0
3020293,0.0
3020294,0.0
3020295,3499.534
3020296,0.0
3020297,677.05414
3020298,0.0
3020299,1554.5546
3020300,418.03998
3020301,309.68146
3020302,67.40669
3020303,132.77739
3020304,4076.3088
3020305,0.0
3020306,0.0
3020307,35.728947
3020308,14.590668
3020309,0.0
3020310,288.65515
3020311,0.0
3020312,0.0
3020313,0.0
3020314,141.26102
3020315,0.0
3020316,250.99454
3020317,325.14017
3020318,0.0
3020319,0.0
3020320,148.65678
3020321,72.70738
3020322,1896.5424
3020323,0.0
3020324,0.0
3020325,0.0
3020326,0.0
3020327,0.0
3020328,3134.2932
3020329,0.0
3020330,331.86145
3020331,0.0
3020332,1566.494
3020333,156.559
3020334,224.14838
3020335,58.07962
3020336,100.485634
3020337,3877.8496
3020338,0.0
3020339,0.0
3020340,0.0
3020341,0.0
3020342,0.0
3020343,280.6963
3020344,0.0
3020345,0.0
3020346,0.0
3020347,34.86554
3020348,0.0
3020349,39.338593
3020350,307.14938
3020351,0.0
3020352,0.0
3020353,73.04958
3020354,38.385162
3020355,249.0707
3020356,0.0
3020357,0.0
3020358,0.0
3020359,0.0
3020360,47.764446
3020361,4509.7056
3020362,0.0
3020363,673.378
3020364,0.0
3020365,1206.1436
3020366,1050.5642
3020367,433.27795
3020368,193.23634
3020369,180.60915
3020370,5713.2637
3020371,5.827263
3020372,0.0
3020373,108.63458
3020374,35.156628
3020375,0.0
3020376,384.04077
3020377,0.0
3020378,0.0
3020379,84.59043
3020380,244.08195
3020381,0.0
3020382,458.6213
3020383,390.9191
3020384,0.0
3020385,0.0
3020386,629.828
3020387,110.788155
3020388,2657.4048
3020389,0.0
3020390,118.52789
3020391,0.0
3020392,0.0
3020393,2.998455
3020394,4176.5107
3020395,0.0
3020396,699.24945
3020397,0.0
3020398,949.5937
3020399,1114.7211
3020400,147.66861
3020401,202.46175
3020402,174.93776
3020403,3275.7107
3020404,0.0
3020405,0.0
3020406,63.868618
3020407,0.0
3020408,0.0
3020409,253.03183
3020410,0.0
3020411,0.0
3020412,0.0
3020413,173.11833
3020414,0.0
3020415,427.80676
3020416,245.53215
3020417,0.0
3020418,0.0
3020419,599.01355
3020420,113.270195
3020421,4445.9497
3020422,0.0
3020423,70.75585
3020424,9.016388
3020425,0.0
3020426,92.42137
3020427,5970.0166
3020428,0.0
3020429,965.76636
3020430,9.858623
3020431,1439.2058
3020432,1529.4468
3020433,408.99146
3020434,287.15546
3020435,171.60393
3020436,5792.263
3020437,22.587112
3020438,0.0
3020439,137.59496
3020440,79.81368
3020441,0.0
3020442,475.6916
3020443,12.635853
3020444,3.3302958
3020445,99.33772
3020446,294.5172
3020447,0.0
3020448,457.19907
3020449,474.91843
3020450,0.0
3020451,9.627726
3020452,622.0208
3020453,170.31459
3020454,4949.67
3020455,0.0
3020456,160.00938
3020457,0.0
3020458,0.0
3020459,48.4506
3020460,4272.497
3020461,0.0
3020462,583.04285
3020463,0.0
3020464,1949.7998
3020465,833.23914
3020466,741.28815
3020467,261.93976
3020468,136.89136
3020469,6925.564
3020470,0.0
3020471,0.0
3020472,93.62417
3020473,78.449455
3020474,0.0
3020475,503.56085
3020476,0.0
3020477,0.0
3020478,55.366867
3020479,194.79558
3020480,0.0
3020481,308.1376
3020482,524.07733
3020483,0.0
3020484,0.0
3020485,496.63303
3020486,53.48033
3020487,1435.158
3020488,186.20876
3020489,27.33446
3020490,0.0
3020491,0.0
3020492,0.0
3020493,573.2631
3020494,0.0
3020495,184.54546
3020496,0.0
3020497,25.9806
3020498,190.8149
3020499,0.0
3020500,55.295296
3020501,55.28488
3020502,566.65454
3020503,0.0
3020504,0.0
3020505,0.0
3020506,0.0
3020507,0.0
3020508,56.507153
3020509,0.0
3020510,0.0
3020511,0.0
3020512,0.0
3020513,0.0
3020514,124.19435
3020515,0.0
3020516,0.0
3020517,0.0
3020518,108.99994
3020519,5.293879
3020520,1436.1365
3020521,0.0
3020522,0.0
3020523,0.0
3020524,0.0
3020525,0.0
3020526,1634.7073
3020527,0.0
3020528,0.0
3020529,0.0
3020530,889.91754
3020531,218.85425
3020532,233.06001
3020533,38.178833
3020534,0.0
3020535,2287.6711
3020536,0.0
3020537,0.0
3020538,0.0
3020539,0.0
3020540,0.0
3020541,216.84167
3020542,0.0
3020543,0.0
3020544,0.0
3020545,0.0
3020546,0.0
3020547,218.6913
3020548,162.93224
3020549,0.0
3020550,0.0
3020551,291.06808
3020552,0.0
3020553,308.003
3020554,0.0
3020555,0.0
3020556,0.0
3020557,0.0
3020558,20.482946
3020559,5215.215
3020560,0.0
3020561,899.3598
3020562,0.0
3020563,2176.812
3020564,665.26074
3020565,627.44415
3020566,162.73692
3020567,47.60184
3020568,7677.1787
3020569,10.143959
3020570,0.0
3020571,21.712217
3020572,58.47218
3020573,0.0
3020574,578.98505
3020575,0.0
3020576,0.0
3020577,0.0
3020578,156.21257
3020579,0.0
3020580,414.50906
3020581,548.6263
3020582,0.0
3020583,0.0
3020584,432.32407
3020585,27.251932
3020586,1073.9099
3020587,161.28836
3020588,3.1869028
3020589,0.0
3020590,0.0
3020591,0.0
3020592,1712.777
3020593,0.0
3020594,145.84213
3020595,0.0
3020596,836.344
3020597,374.66278
3020598,223.00526
3020599,40.67091
3020600,14.819525
3020601,2458.5535
3020602,0.0
3020603,0.0
3020604,0.0
3020605,0.0
3020606,0.0
3020607,221.08545
3020608,0.0
3020609,0.0
3020610,0.0
3020611,0.0
3020612,0.0
3020613,140.49597
3020614,215.42397
3020615,0.0
3020616,0.0
3020617,148.49725
3020618,20.382826
3020619,219.74127
3020620,0.0
3020621,0.0
3020622,0.0
3020623,0.0
3020624,0.0
3020625,1442.7538
3020626,0.0
3020627,107.45406
3020628,0.0
3020629,758.9563
3020630,292.6913
3020631,209.77815
3020632,12.771589
3020633,2.3812892
3020634,2208.4463
3020635,0.0
3020636,0.0
3020637,0.0
3020638,0.0
3020639,0.0
3020640,163.10306
3020641,0.0
3020642,0.0
3020643,0.0
3020644,0.0
3020645,0.0
3020646,131.07353
3020647,173.07616
3020648,0.0
3020649,0.0
3020650,100.94984
3020651,10.960458
3020652,193.55013
3020653,0.0
3020654,0.0
3020655,0.0
3020656,0.0
3020657,0.0
3020658,1327.8575
3020659,0.0
3020660,158.68924
3020661,0.0
3020662,936.522
3020663,256.3052
3020664,183.12004
3020665,15.774329
3020666,10.46221
3020667,2034.936
3020668,0.0
3020669,0.0
3020670,0.0
3020671,0.0
3020672,0.0
3020673,207.76086
3020674,0.0
3020675,0.0
3020676,0.0
3020677,0.0
3020678,0.0
3020679,198.11772
3020680,212.71783
3020681,0.0
3020682,0.0
3020683,114.83922
3020684,19.551985
3020685,308.06857
3020686,0.0
3020687,0.0
3020688,0.0
3020689,0.0
3020690,0.0
3020691,1741.0145
3020692,0.0
3020693,73.57818
3020694,0.0
3020695,892.88495
3020696,280.8572
3020697,223.3061
3020698,28.9461
3020699,9.380411
3020700,2423.5525
3020701,0.0
3020702,0.0
3020703,0.0
3020704,0.0
3020705,0.0
3020706,214.04877
3020707,0.0
3020708,0.0
3020709,0.0
3020710,0.0
3020711,0.0
3020712,110.87412
3020713,167.63673
3020714,0.0
3020715,0.0
3020716,122.740685
3020717,16.442888
3020718,492.8753
3020719,0.0
3020720,0.0
3020721,0.0
3020722,0.0
3020723,0.0
3020724,1823.2123
3020725,0.0
3020726,139.8193
3020727,0.0
3020728,1038.3451
3020729,280.89017
3020730,241.21368
3020731,92.332
3020732,16.554472
3020733,2642.9067
3020734,0.0
3020735,0.0
3020736,0.0
3020737,0.0
3020738,0.0
3020739,233.46597
3020740,0.0
3020741,0.0
3020742,0.0
3020743,0.0
3020744,0.0
3020745,125.93476
3020746,188.03857
3020747,0.0
3020748,0.0
3020749,140.39706
3020750,26.747156
3020751,432.78094
3020752,0.0
3020753,0.0
3020754,0.0
3020755,0.0
3020756,51.125984
3020757,4392.224
3020758,0.0
3020759,487.01825
3020760,0.0
3020761,1394.5887
3020762,839.56366
3020763,696.2712
3020764,231.43123
3020765,36.742317
3020766,5817.4404
3020767,81.89349
3020768,0.0
3020769,70.462395
3020770,0.0
3020771,0.0
3020772,476.27682
3020773,0.0
3020774,0.0
3020775,184.81781
3020776,0.0
3020777,0.0
3020778,186.88226
3020779,415.4969
3020780,0.0
3020781,0.0
3020782,306.1646
3020783,33.231163
3020784,1345.708
3020785,199.67094
3020786,0.0
3020787,0.0
3020788,0.0
3020789,0.0
3020790,3065.9788
3020791,0.0
3020792,771.0098
3020793,0.0
3020794,907.08014
3020795,614.4528
3020796,388.1749
3020797,178.45222
3020798,19.782938
3020799,3340.415
3020800,0.0
3020801,0.0
3020802,0.0
3020803,15.748722
3020804,0.0
3020805,337.7229
3020806,0.0
3020807,0.0
3020808,12.045973
3020809,81.18942
3020810,0.0
3020811,120.846306
3020812,281.79706
3020813,0.0
3020814,0.0
3020815,282.17026
3020816,25.243776
3020817,1488.0406
3020818,32.176624
3020819,0.0
3020820,0.0
3020821,0.0
3020822,0.0
3020823,3165.0315
3020824,0.0
3020825,346.4656
3020826,0.0
3020827,1131.7004
3020828,528.65094
3020829,401.91693
3020830,121.95309
3020831,0.0
3020832,3771.0623
3020833,33.758858
3020834,0.0
3020835,0.0
3020836,0.0
3020837,0.0
3020838,268.3222
3020839,0.0
3020840,0.0
3020841,0.0
3020842,34.133816
3020843,0.0
3020844,99.29452
3020845,276.11978
3020846,0.0
3020847,0.0
3020848,133.09758
3020849,3.69199
3020850,597.27405
3020851,0.0
3020852,0.0
3020853,0.0
3020854,0.0
3020855,0.0
3020856,3773.2043
3020857,0.0
3020858,707.86554
3020859,0.0
3020860,814.55865
3020861,874.86115
3020862,163.86482
3020863,222.24052
3020864,104.24535
3020865,4922.8843
3020866,0.0
3020867,0.0
3020868,0.0
3020869,0.0
3020870,0.0
3020871,228.40486
3020872,0.0
3020873,0.0
3020874,0.0
3020875,12.944263
3020876,0.0
3020877,442.79407
3020878,235.55821
3020879,0.0
3020880,0.0
3020881,602.28784
3020882,114.29544
3020883,3083.499
3020884,0.0
3020885,0.0
3020886,0.0
3020887,0.0
3020888,46.460785
3020889,5101.651
3020890,0.0
3020891,1124.8423
3020892,0.0
3020893,1950.0339
3020894,1040.1835
3020895,1056.1727
3020896,176.00574
3020897,37.591667
3020898,7520.6587
3020899,70.54048
3020900,0.0
3020901,65.79718
3020902,113.84162
3020903,0.0
3020904,738.7571
3020905,0.0
3020906,0.0
3020907,94.72833
3020908,98.49448
3020909,0.0
3020910,167.22507
3020911,736.91455
3020912,0.0
3020913,0.0
3020914,273.80957
3020915,49.23885
3020916,1002.3922
3020917,420.40958
3020918,0.0
3020919,0.0
3020920,0.0
3020921,0.0
3020922,3932.593
3020923,0.0
3020924,829.3626
3020925,0.0
3020926,1731.9143
3020927,760.9901
3020928,682.288
3020929,206.84357
3020930,45.7847
3020931,5769.986
3020932,71.69775
3020933,0.0
3020934,6.3455443
3020935,106.80792
3020936,0.0
3020937,641.3698
3020938,0.0
3020939,0.0
3020940,0.0
3020941,224.67206
3020942,0.0
3020943,129.92882
3020944,580.6799
3020945,0.0
3020946,0.0
3020947,171.6775
3020948,45.080444
3020949,1011.29456
3020950,0.0
3020951,0.0
3020952,0.0
3020953,0.0
3020954,0.0
3020955,1775.3412
3020956,0.0
3020957,143.91118
3020958,0.0
3020959,835.7805
3020960,310.9801
3020961,141.34955
3020962,80.53609
3020963,16.47616
3020964,2674.4941
3020965,0.0
3020966,0.0
3020967,0.0
3020968,0.0
3020969,0.0
3020970,193.24315
3020971,0.0
3020972,0.0
3020973,0.0
3020974,0.0
3020975,0.0
3020976,95.93806
3020977,149.63214
3020978,0.0
3020979,0.0
3020980,165.49104
3020981,11.089682
3020982,631.6966
3020983,0.0
3020984,0.0
3020985,0.0
3020986,0.0
3020987,0.0
3020988,2205.5793
3020989,0.0
3020990,344.97293
3020991,0.0
3020992,765.7751
3020993,505.72705
3020994,189.58446
3020995,83.00761
3020996,39.495495
3020997,2323.2986
3020998,0.0
3020999,0.0
3021000,0.0
3021001,0.0
3021002,0.0
3021003,145.15697
3021004,0.0
3021005,0.0
3021006,0.0
3021007,0.0
3021008,0.0
3021009,512.97455
3021010,129.2641
3021011,0.0
3021012,0.0
3021013,288.68686
3021014,29.221098
3021015,993.1651
3021016,0.0
3021017,0.0
3021018,0.0
3021019,0.0
3021020,104.27365
3021021,4124.3555
3021022,0.0
3021023,851.96497
3021024,0.0
3021025,1037.1411
3021026,1175.0563
3021027,527.61334
3021028,115.16543
3021029,41.733227
3021030,3551.2625
3021031,0.0
3021032,0.0
3021033,123.61008
3021034,220.44644
3021035,0.0
3021036,488.5414
3021037,0.0
3021038,0.0
3021039,0.0
3021040,0.0
3021041,0.0
3021042,230.51173
3021043,474.90454
3021044,0.0
3021045,0.0
3021046,332.91742
3021047,26.713907
3021048,2604.2468
3021049,0.0
3021050,0.0
3021051,0.0
3021052,0.0
3021053,0.0
3021054,2706.7393
3021055,0.0
3021056,407.0517
3021057,0.0
3021058,642.13385
3021059,519.13184
3021060,126.121994
3021061,93.972275
3021062,24.000906
3021063,1691.1663
3021064,0.0
3021065,0.0
3021066,0.0
3021067,0.0
3021068,0.0
3021069,117.80228
3021070,0.0
3021071,0.0
3021072,0.0
3021073,144.4872
3021074,0.0
3021075,201.66554
3021076,59.922077
3021077,0.0
3021078,0.0
3021079,175.2103
3021080,1.5940489
3021081,1215.7252
3021082,0.0
3021083,0.0
3021084,0.0
3021085,0.0
3021086,0.0
3021087,1753.6206
3021088,0.0
3021089,163.46202
3021090,0.0
3021091,475.23727
3021092,244.7161
3021093,74.26737
3021094,117.70626
3021095,46.20406
3021096,1774.4393
3021097,0.0
3021098,0.0
3021099,0.0
3021100,0.0
3021101,0.0
3021102,101.36148
3021103,0.0
3021104,0.0
3021105,0.0
3021106,0.0
3021107,0.0
3021108,225.39955
3021109,6.824936
3021110,0.0
3021111,0.0
3021112,198.56076
3021113,25.328037
3021114,660.06934
3021115,0.0
3021116,0.0
3021117,36.54315
3021118,31.72276
3021119,124.58757
3021120,5104.126
3021121,21.954216
3021122,882.3728
3021123,38.083164
3021124,1298.7145
3021125,1193.4816
3021126,612.25214
3021127,210.8096
3021128,111.0964
3021129,5588.6797
3021130,44.78693
3021131,35.655666
3021132,58.235584
3021133,203.37373
3021134,30.238327
3021135,454.35855
3021136,37.460182
3021137,37.861305
3021138,36.670135
3021139,281.00504
3021140,23.405758
3021141,244.82472
3021142,493.99442
3021143,36.88765
3021144,36.686577
3021145,446.88644
3021146,95.95195
3021147,2780.6538
3021148,32.253002
3021149,130.10098
3021150,27.742699
3021151,22.922295
3021152,115.78711
3021153,5261.449
3021154,0.0
3021155,1141.5668
3021156,29.282711
3021157,1727.2051
3021158,1031.9805
3021159,639.20703
3021160,343.09143
3021161,92.6518
3021162,6270.9663
3021163,67.68824
3021164,26.85522
3021165,149.88536
3021166,128.55064
3021167,21.437862
3021168,493.495
3021169,0.0
3021170,29.060856
3021171,27.869682
3021172,203.88623
3021173,14.605303
3021174,211.73079
3021175,535.9546
3021176,28.087196
3021177,27.886124
3021178,259.93982
3021179,87.15149
3021180,1695.5459
3021181,23.452538
3021182,36.624332
3021183,0.0
3021184,0.0
3021185,0.0
3021186,4286.184
3021187,0.0
3021188,955.72046
3021189,0.0
3021190,1389.7383
3021191,750.43274
3021192,491.09055
3021193,285.15387
3021194,28.43248
3021195,4922.9756
3021196,86.07161
3021197,0.0
3021198,91.947586
3021199,105.481674
3021200,0.0
3021201,453.6351
3021202,0.0
3021203,0.0
3021204,0.0
3021205,210.62206
3021206,0.0
3021207,112.19733
3021208,455.85526
3021209,0.0
3021210,0.0
3021211,241.89253
3021212,25.210873
3021213,993.857
3021214,0.0
3021215,0.0
3021216,13.48963
3021217,0.0
3021218,125.880226
3021219,11518.13
3021220,0.0
3021221,1775.8873
3021222,21.932392
3021223,2233.567
3021224,2561.393
3021225,682.1954
3021226,509.66898
3021227,252.45349
3021228,10136.295
3021229,50.809067
3021230,3.4601057
3021231,60.558613
3021232,113.08341
3021233,0.0
3021234,998.5434
3021235,26.56919
3021236,38.561066
3021237,181.23743
3021238,254.10095
3021239,1.8857727
3021240,737.425
3021241,934.8928
3021242,7.7104406
3021243,19.317024
3021244,1329.4274
3021245,281.228
3021246,8754.026
3021247,0.0
3021248,183.9112
3021249,0.0
3021250,0.0
3021251,0.0
3021252,1666.6152
3021253,0.0
3021254,199.73273
3021255,0.0
3021256,754.2988
3021257,323.78848
3021258,141.04189
3021259,113.59716
3021260,7.138314
3021261,1874.0029
3021262,0.0
3021263,0.0
3021264,0.0
3021265,0.0
3021266,0.0
3021267,191.45721
3021268,0.0
3021269,0.0
3021270,0.0
3021271,0.0
3021272,0.0
3021273,70.44612
3021274,186.1593
3021275,0.0
3021276,0.0
3021277,63.137726
3021278,3.9167223
3021279,414.18262
3021280,0.0
3021281,0.0
3021282,0.0
3021283,0.0
3021284,0.0
3021285,3404.9016
3021286,0.0
3021287,745.16376
3021288,0.0
3021289,1681.0178
3021290,735.32935
3021291,383.63632
3021292,318.41644
3021293,59.593483
3021294,5226.2246
3021295,67.307205
3021296,0.010494221
3021297,116.67122
3021298,118.58648
3021299,0.0
3021300,458.15463
3021301,0.0
3021302,0.0
3021303,0.0
3021304,171.73111
3021305,0.0
3021306,230.34966
3021307,473.85568
3021308,0.0
3021309,0.0
3021310,156.28903
3021311,54.88976
3021312,1071.1376
3021313,0.0
3021314,4.362589
3021315,0.0
3021316,0.0
3021317,0.0
3021318,1200.509
3021319,0.0
3021320,39.10263
3021321,0.0
3021322,790.36804
3021323,177.31616
3021324,59.356354
3021325,38.748196
3021326,3.7207751
3021327,1629.3818
3021328,0.0
3021329,0.0
3021330,0.0
3021331,0.0
3021332,0.0
3021333,115.36945
3021334,0.0
3021335,0.0
3021336,0.0
3021337,0.0
3021338,0.0
3021339,116.84537
3021340,65.21505
3021341,0.0
3021342,0.0
3021343,100.41611
3021344,0.0
3021345,213.86766
3021346,0.0
3021347,0.0
3021348,0.0
3021349,0.0
3021350,0.0
3021351,2334.338
3021352,0.0
3021353,244.64258
3021354,0.0
3021355,1133.9613
3021356,485.13998
3021357,262.6574
3021358,205.36761
3021359,37.778652
3021360,3576.509
3021361,30.657145
3021362,0.0
3021363,0.0
3021364,13.363411
3021365,0.0
3021366,288.762
3021367,0.0
3021368,0.0
3021369,0.0
3021370,0.0
3021371,0.0
3021372,178.7536
3021373,281.04172
3021374,0.0
3021375,0.0
3021376,192.70964
3021377,18.60145
3021378,882.7534
3021379,0.0
3021380,0.0
3021381,0.0
3021382,0.0
3021383,0.0
3021384,2999.536
3021385,0.0
3021386,620.72174
3021387,0.0
3021388,928.4424
3021389,653.40485
3021390,270.18686
3021391,180.33806
3021392,48.172768
3021393,4075.083
3021394,28.500204
3021395,0.0
3021396,0.0
3021397,0.0
3021398,0.0
3021399,287.28464
3021400,0.0
3021401,0.0
3021402,0.0
3021403,54.99855
3021404,0.0
3021405,163.8756
3021406,300.12704
3021407,0.0
3021408,0.0
3021409,175.60646
3021410,21.174961
3021411,661.9437
3021412,0.0
3021413,0.0
3021414,0.0
3021415,0.0
3021416,0.0
3021417,1679.8252
3021418,0.0
3021419,0.0
3021420,0.0
3021421,562.7218
3021422,168.36916
3021423,46.45123
3021424,109.20364
3021425,13.480001
3021426,2026.9916
3021427,0.0
3021428,0.0
3021429,0.0
3021430,0.0
3021431,0.0
3021432,109.677124
3021433,0.0
3021434,0.0
3021435,0.0
3021436,0.0
3021437,0.0
3021438,152.30563
3021439,59.84562
3021440,0.0
3021441,0.0
3021442,112.82991
3021443,8.082838
3021444,455.01422
3021445,0.0
3021446,0.0
3021447,0.0
3021448,0.0
3021449,0.0
3021450,3575.147
3021451,0.0
3021452,454.46234
3021453,0.0
3021454,1070.0261
3021455,588.75006
3021456,240.5287
3021457,163.91748
3021458,58.923615
3021459,4164.2744
3021460,28.80264
3021461,0.0
3021462,0.0
3021463,7.499508
3021464,0.0
3021465,287.7217
3021466,0.0
3021467,0.0
3021468,0.0
3021469,80.89716
3021470,0.0
3021471,158.30545
3021472,263.12476
3021473,0.0
3021474,0.0
3021475,139.16293
3021476,15.162375
3021477,1199.3907
3021478,0.0
3021479,0.0
3021480,0.0
3021481,0.0
3021482,0.0
3021483,3276.9739
3021484,0.0
3021485,527.4439
3021486,0.0
3021487,1016.25183
3021488,758.97626
3021489,67.33231
3021490,134.61467
3021491,63.50417
3021492,3429.3555
3021493,0.0
3021494,0.0
3021495,0.0
3021496,26.913797
3021497,0.0
3021498,310.1564
3021499,0.0
3021500,0.0
3021501,0.0
3021502,78.47425
3021503,0.0
3021504,148.76717
3021505,167.05708
3021506,0.0
3021507,0.0
3021508,160.44284
3021509,48.320293
3021510,2419.0017
3021511,0.0
3021512,0.0
3021513,0.0
3021514,0.0
3021515,36.527267
3021516,3861.4006
3021517,0.0
3021518,745.7725
3021519,0.0
3021520,1308.8694
3021521,915.34265
3021522,239.18175
3021523,155.34183
3021524,97.51198
3021525,4620.93
3021526,0.0
3021527,0.0
3021528,39.33525
3021529,23.4705
3021530,0.0
3021531,441.792
3021532,0.0
3021533,0.0
3021534,0.0
3021535,94.21026
3021536,0.0
3021537,169.4943
3021538,532.3372
3021539,0.0
3021540,0.0
3021541,181.16997
3021542,69.9564
3021543,2159.5325
3021544,0.0
3021545,13.742308
3021546,0.0
3021547,0.0
3021548,33.26892
3021549,4527.805
3021550,0.0
3021551,886.26
3021552,0.0
3021553,1714.9926
3021554,709.6251
3021555,274.45377
3021556,295.67435
3021557,57.473522
3021558,6000.6426
3021559,84.41946
3021560,0.0
3021561,6.779455
3021562,0.0
3021563,0.0
3021564,421.84656
3021565,0.0
3021566,0.0
3021567,15.916649
3021568,111.98712
3021569,0.0
3021570,390.9886
3021571,439.27026
3021572,0.0
3021573,0.0
3021574,237.81842
3021575,50.335205
3021576,1587.8171
3021577,59.063484
3021578,0.0
3021579,0.0
3021580,0.0
3021581,0.0
3021582,3548.239
3021583,0.0
3021584,546.99426
3021585,0.0
3021586,965.69116
3021587,892.9574
3021588,249.65504
3021589,238.03033
3021590,119.86971
3021591,4350.9653
3021592,0.0
3021593,0.0
3021594,18.497519
3021595,13.870779
3021596,0.0
3021597,288.89053
3021598,0.0
3021599,0.0
3021600,0.0
3021601,66.52589
3021602,0.0
3021603,381.31042
3021604,281.91898
3021605,0.0
3021606,0.0
3021607,552.90356
3021608,80.15938
3021609,2673.267
3021610,0.0
3021611,51.183376
3021612,0.0
3021613,0.0
3021614,0.0
3021615,4545.0854
3021616,0.0
3021617,925.1188
3021618,0.0
3021619,1876.4519
3021620,583.3107
3021621,248.07352
3021622,176.67764
3021623,39.426373
3021624,5981.0483
3021625,23.13886
3021626,0.0
3021627,22.931408
3021628,0.88206166
3021629,0.0
3021630,379.1647
3021631,0.0
3021632,0.0
3021633,0.0
3021634,32.569958
3021635,0.0
3021636,147.39543
3021637,376.19104
3021638,0.0
3021639,0.0
3021640,161.6242
3021641,29.568615
3021642,1105.1055
3021643,0.0
3021644,0.0
3021645,0.0
3021646,0.0
3021647,16.879679
3021648,3634.3174
3021649,0.0
3021650,691.48096
3021651,0.0
3021652,1283.6189
3021653,678.8594
3021654,251.16696
3021655,131.60352
3021656,78.41753
3021657,4534.243
3021658,0.0
3021659,0.0
3021660,11.683634
3021661,23.13278
3021662,0.0
3021663,340.02142
3021664,0.0
3021665,0.0
3021666,0.0
3021667,89.25509
3021668,0.0
3021669,180.12378
3021670,369.06888
3021671,0.0
3021672,0.0
3021673,165.78139
3021674,33.72584
3021675,2077.5693
3021676,0.0
3021677,0.0
3021678,0.0
3021679,0.0
3021680,65.825195
3021681,3774.6724
3021682,0.0
3021683,674.46533
3021684,0.0
3021685,1149.6738
3021686,802.6826
3021687,239.17874
3021688,120.324524
3021689,50.508186
3021690,4042.782
3021691,0.0
3021692,0.0
3021693,0.0
3021694,72.07829
3021695,0.0
3021696,399.26855
3021697,0.0
3021698,0.0
3021699,0.0
3021700,151.38026
3021701,0.0
3021702,150.39043
3021703,387.9736
3021704,0.0
3021705,0.0
3021706,154.89275
3021707,35.64867
3021708,2767.5994
3021709,0.0
3021710,41.368202
3021711,0.0
3021712,0.0
3021713,0.0
3021714,5213.3574
3021715,0.0
3021716,256.5578
3021717,0.0
3021718,1222.8546
3021719,649.1011
3021720,245.3843
3021721,143.26482
3021722,32.580276
3021723,4825.0757
3021724,0.0
3021725,0.0
3021726,0.0
3021727,0.0
3021728,0.0
3021729,270.18423
3021730,0.0
3021731,0.0
3021732,0.0
3021733,8.649335
3021734,0.0
3021735,137.13313
3021736,242.25748
3021737,0.0
3021738,0.0
3021739,148.88487
3021740,37.890503
3021741,1173.7401
3021742,0.0
3021743,0.0
3021744,5.1208277
3021745,0.0
3021746,70.007286
3021747,15253.135
3021748,0.0
3021749,2302.5027
3021750,8.755555
3021751,3268.4563
3021752,3367.2256
3021753,927.7003
3021754,782.7129
3021755,385.2084
3021756,14440.109
3021757,30.09124
3021758,0.0
3021759,170.83939
3021760,190.02945
3021761,0.0
3021762,1025.1252
3021763,486.73065
3021764,0.0
3021765,467.42352
3021766,294.02563
3021767,0.0
3021768,983.02997
3021769,1394.8533
3021770,0.0
3021771,238.12135
3021772,1637.8895
3021773,382.15683
3021774,11716.395
3021775,470.2582
3021776,166.40785
3021777,0.0
3021778,0.0
3021779,90.25295
3021780,14162.715
3021781,0.0
3021782,1987.4816
3021783,3.044992
3021784,3527.9216
3021785,2652.4436
3021786,976.3263
3021787,501.09442
3021788,377.89056
3021789,14879.798
3021790,27.417765
3021791,0.0
3021792,25.93709
3021793,151.79875
3021794,0.0
3021795,1095.9778
3021796,453.49896
3021797,0.0
3021798,285.25662
3021799,251.44984
3021800,0.0
3021801,1296.1875
3021802,1254.6768
3021803,0.0
3021804,134.32451
3021805,1671.8534
3021806,318.42978
3021807,8624.667
3021808,638.6834
3021809,165.41487
3021810,0.0
3021811,0.0
3021812,28.700245
3021813,10477.151
3021814,0.0
3021815,1628.9275
3021816,0.0
3021817,3375.0935
3021818,1895.1377
3021819,1179.3949
3021820,313.94464
3021821,290.83307
3021822,14484.34
3021823,0.0
3021824,0.0
3021825,0.0
3021826,0.0
3021827,0.0
3021828,1028.3506
3021829,337.82394
3021830,0.0
3021831,128.20125
3021832,50.220844
3021833,0.0
3021834,1271.841
3021835,1421.2676
3021836,0.0
3021837,81.75514
3021838,1476.0823
3021839,200.3985
3021840,3504.6084
3021841,454.31412
3021842,107.879524
3021843,13.854354
3021844,0.0
3021845,76.319855
3021846,13657.421
3021847,0.0
3021848,1898.1692
3021849,8.252432
3021850,3443.426
3021851,2564.8684
3021852,1003.6665
3021853,372.58478
3021854,261.56052
3021855,14134.982
3021856,36.903496
3021857,0.0
3021858,268.4415
3021859,202.16965
3021860,0.0
3021861,1140.7325
3021862,614.8437
3021863,2.5810058
3021864,515.20636
3021865,296.69742
3021866,0.0
3021867,1022.89886
3021868,1913.7228
3021869,0.0
3021870,15.355964
3021871,1573.1575
3021872,293.29486
3021873,7318.789
3021874,755.5046
3021875,155.49915
3021876,0.0
3021877,0.0
3021878,19.082323
3021879,8510.492
3021880,0.0
3021881,1487.246
3021882,0.0
3021883,3132.6333
3021884,1717.3113
3021885,1004.895
3021886,270.37607
3021887,254.15439
3021888,12502.945
3021889,12.39193
3021890,0.0
3021891,122.707985
3021892,84.424385
3021893,0.0
3021894,1016.8108
3021895,348.20386
3021896,0.0
3021897,337.89835
3021898,211.53018
3021899,0.0
3021900,1135.3108
3021901,1145.9666
3021902,0.0
3021903,116.72381
3021904,1284.6694
3021905,196.63687
3021906,2807.412
3021907,522.7167
3021908,18.812346
3021909,0.0
3021910,0.0
3021911,50.974037
3021912,10235.272
3021913,0.0
3021914,1904.1531
3021915,0.0
3021916,2812.9507
3021917,2666.0305
3021918,708.5464
3021919,422.1745
3021920,244.51701
3021921,10121.418
3021922,2.754583
3021923,0.0
3021924,130.56755
3021925,172.6277
3021926,0.0
3021927,832.3201
3021928,603.9374
3021929,0.0
3021930,368.53912
3021931,292.333
3021932,0.0
3021933,672.85297
3021934,791.03613
3021935,0.0
3021936,0.0
3021937,1035.8763
3021938,240.13283
3021939,8963.835
3021940,716.6088
3021941,9.174998
3021942,0.0
3021943,0.0
3021944,0.0
3021945,1762.9115
3021946,0.0
3021947,387.2621
3021948,0.0
3021949,966.3571
3021950,605.9984
3021951,127.42212
3021952,172.65819
3021953,94.55332
3021954,3176.2764
3021955,0.0
3021956,0.0
3021957,0.0
3021958,0.0
3021959,0.0
3021960,228.94255
3021961,0.0
3021962,0.0
3021963,0.0
3021964,0.0
3021965,0.0
3021966,328.84906
3021967,118.573044
3021968,0.0
3021969,0.0
3021970,297.8268
3021971,46.98808
3021972,1647.901
3021973,0.0
3021974,20.908924
3021975,0.0
3021976,0.0
3021977,0.0
3021978,6603.8706
3021979,0.0
3021980,1003.65967
3021981,0.0
3021982,2016.7377
3021983,1094.6001
3021984,627.063
3021985,170.08173
3021986,221.07405
3021987,8630.027
3021988,0.0
3021989,0.0
3021990,0.0
3021991,62.166187
3021992,0.0
3021993,496.4995
3021994,75.30219
3021995,0.0
3021996,0.0
3021997,52.547688
3021998,0.0
3021999,595.6523
3022000,674.6653
3022001,0.0
3022002,0.0
3022003,588.8324
3022004,105.634834
3022005,2639.7642
3022006,357.9811
3022007,0.0
3022008,0.0
3022009,0.0
3022010,24.436695
3022011,6663.501
3022012,0.0
3022013,1299.3555
3022014,0.0
3022015,1837.849
3022016,1458.554
3022017,430.90332
3022018,314.2376
3022019,253.0602
3022020,6777.6426
3022021,0.0
3022022,0.0
3022023,28.870632
3022024,95.31069
3022025,0.0
3022026,486.93716
3022027,0.0
3022028,0.0
3022029,0.0
3022030,106.787895
3022031,0.0
3022032,613.82135
3022033,507.71252
3022034,0.0
3022035,11.708912
3022036,749.4305
3022037,126.86703
3022038,5813.502
3022039,0.0
3022040,0.0
3022041,0.0
3022042,0.0
3022043,15.361437
3022044,6220.2446
3022045,0.0
3022046,967.8133
3022047,0.0
3022048,1399.5488
3022049,642.02734
3022050,532.46954
3022051,89.96922
3022052,60.508
3022053,7158.081
3022054,0.0
3022055,0.0
3022056,19.795334
3022057,89.78184
3022058,0.0
3022059,458.5928
3022060,0.0
3022061,0.0
3022062,0.0
3022063,108.16883
3022064,0.0
3022065,150.53601
3022066,611.8208
3022067,0.0
3022068,0.0
3022069,143.53694
3022070,40.574833
3022071,4117.9966
3022072,0.0
3022073,0.0
3022074,0.0
3022075,0.0
3022076,0.0
3022077,4188.981
3022078,0.0
3022079,720.30524
3022080,0.0
3022081,1678.7477
3022082,536.3693
3022083,428.51297
3022084,111.38438
3022085,96.83011
3022086,4559.3364
3022087,1.560517
3022088,0.0
3022089,0.0
3022090,55.448483
3022091,0.0
3022092,371.724
3022093,0.0
3022094,0.0
3022095,0.0
3022096,69.64222
3022097,0.0
3022098,254.99013
3022099,410.64337
3022100,0.0
3022101,0.0
3022102,180.45901
3022103,77.49685
3022104,2305.2866
3022105,0.0
3022106,3.501935
3022107,0.0
3022108,0.0
3022109,0.0
3022110,6294.8506
3022111,0.0
3022112,683.9246
3022113,0.0
3022114,1920.9926
3022115,306.34354
3022116,280.2465
3022117,89.86175
3022118,15.788218
3022119,4534.832
3022120,13.179066
3022121,0.0
3022122,0.0
3022123,0.0
3022124,0.0
3022125,341.3554
3022126,0.0
3022127,0.0
3022128,0.0
3022129,11.0075655
3022130,0.0
3022131,59.45609
3022132,309.85443
3022133,0.0
3022134,0.0
3022135,90.46121
3022136,44.17235
3022137,550.6442
3022138,0.0
3022139,0.0
3022140,0.0
3022141,0.0
3022142,54.64778
3022143,5214.424
3022144,0.0
3022145,896.07294
3022146,0.0
3022147,1429.8036
3022148,1238.808
3022149,533.0208
3022150,241.1176
3022151,144.5316
3022152,6619.3057
3022153,9.692659
3022154,0.0
3022155,101.07517
3022156,44.097233
3022157,0.0
3022158,450.18277
3022159,0.0
3022160,0.0
3022161,240.679
3022162,310.11224
3022163,0.0
3022164,462.48682
3022165,492.16934
3022166,0.0
3022167,0.0
3022168,735.7295
3022169,115.44745
3022170,2882.545
3022171,0.0
3022172,126.63556
3022173,0.0
3022174,0.0
3022175,0.0
3022176,4029.3293
3022177,0.0
3022178,692.4831
3022179,0.0
3022180,880.5571
3022181,1194.2288
3022182,66.608894
3022183,233.19084
3022184,121.70811
3022185,3666.9304
3022186,0.0
3022187,0.0
3022188,53.548923
3022189,0.0
3022190,0.0
3022191,232.65067
3022192,0.0
3022193,0.0
3022194,7.8669715
3022195,28.933681
3022196,0.0
3022197,414.52014
3022198,170.42186
3022199,0.0
3022200,0.0
3022201,621.4454
3022202,100.77733
3022203,4791.8384
3022204,0.0
3022205,61.711296
3022206,0.15874586
3022207,0.0
3022208,86.5817
3022209,6092.3584
3022210,0.0
3022211,998.7056
3022212,1.0009818
3022213,1416.8462
3022214,1632.4175
3022215,381.6024
3022216,322.31375
3022217,122.803375
3022218,6117.567
3022219,13.729468
3022220,0.0
3022221,147.40099
3022222,76.031204
3022223,0.0
3022224,500.86832
3022225,3.7782135
3022226,0.0
3022227,94.80277
3022228,218.04549
3022229,0.0
3022230,448.34155
3022231,403.4368
3022232,0.0
3022233,0.77008605
3022234,648.8817
3022235,162.25081
3022236,5103.368
3022237,0.0
3022238,155.3939
3022239,0.0
3022240,0.0
3022241,50.41483
3022242,4827.558
3022243,0.0
3022244,632.4492
3022245,0.0
3022246,2028.6794
3022247,960.7501
3022248,770.07227
3022249,277.21533
3022250,42.218643
3022251,7741.5034
3022252,79.60986
3022253,0.0
3022254,9.770063
3022255,39.864254
3022256,0.0
3022257,599.1143
3022258,0.0
3022259,0.0
3022260,58.635887
3022261,165.59187
3022262,0.0
3022263,307.084
3022264,595.9912
3022265,0.0
3022266,0.0
3022267,531.2979
3022268,53.220486
3022269,1594.3987
3022270,186.82361
3022271,0.0
3022272,0.0
3022273,0.0
3022274,0.0
3022275,2165.8918
3022276,0.0
3022277,389.08218
3022278,0.0
3022279,616.28656
3022280,585.6176
3022281,138.83733
3022282,132.6689
3022283,62.59386
3022284,2348.065
3022285,0.0
3022286,0.0
3022287,0.0
3022288,14.449569
3022289,0.0
3022290,218.56905
3022291,0.0
3022292,0.0
3022293,0.0
3022294,42.305992
3022295,0.0
3022296,253.55145
3022297,126.6014
3022298,0.0
3022299,0.0
3022300,247.4403
3022301,50.87668
3022302,1997.4403
3022303,0.0
3022304,5.6156826
3022305,0.0
3022306,0.0
3022307,0.0
3022308,1331.3329
3022309,0.0
3022310,135.12502
3022311,0.0
3022312,696.74915
3022313,172.78473
3022314,279.17386
3022315,66.42425
3022316,0.0
3022317,2222.0864
3022318,0.0
3022319,0.0
3022320,0.0
3022321,0.0
3022322,0.0
3022323,179.88794
3022324,0.0
3022325,0.0
3022326,0.0
3022327,0.0
3022328,0.0
3022329,220.23982
3022330,122.940056
3022331,0.0
3022332,0.0
3022333,172.04837
3022334,6.19719
3022335,318.90332
3022336,0.0
3022337,0.0
3022338,0.0
3022339,0.0
3022340,53.824924
3022341,4168.9546
3022342,0.0
3022343,591.71356
3022344,0.0
3022345,1721.042
3022346,588.2448
3022347,555.8084
3022348,384.96503
3022349,26.855055
3022350,6094.717
3022351,2.6658504
3022352,0.0
3022353,18.898123
3022354,139.29567
3022355,0.0
3022356,487.96204
3022357,0.0
3022358,0.0
3022359,0.0
3022360,84.63755
3022361,0.0
3022362,513.1113
3022363,516.00305
3022364,0.0
3022365,0.0
3022366,359.93384
3022367,19.37192
3022368,1125.7218
3022369,254.87642
3022370,1.3383567
3022371,0.0
3022372,0.0
3022373,0.0
3022374,1445.0101
3022375,0.0
3022376,188.01878
3022377,0.0
3022378,818.02
3022379,366.43515
3022380,293.9616
3022381,121.80171
3022382,10.308804
3022383,2755.7559
3022384,0.0
3022385,0.0
3022386,0.0
3022387,0.0
3022388,0.0
3022389,253.11322
3022390,0.0
3022391,0.0
3022392,0.0
3022393,0.0
3022394,0.0
3022395,126.19378
3022396,225.98692
3022397,0.0
3022398,0.0
3022399,120.62139
3022400,28.7389
3022401,249.62512
3022402,0.0
3022403,0.0
3022404,0.0
3022405,0.0
3022406,0.0
3022407,1396.3597
3022408,0.0
3022409,149.9324
3022410,0.0
3022411,834.6968
3022412,334.89005
3022413,263.8551
3022414,130.27176
3022415,5.6619797
3022416,2687.153
3022417,0.0
3022418,0.0
3022419,0.0
3022420,0.0
3022421,0.0
3022422,234.20242
3022423,0.0
3022424,0.0
3022425,0.0
3022426,0.0
3022427,0.0
3022428,124.56289
3022429,202.46866
3022430,0.0
3022431,0.0
3022432,80.9397
3022433,27.10794
3022434,244.48093
3022435,0.0
3022436,0.0
3022437,0.0
3022438,0.0
3022439,0.0
3022440,1357.693
3022441,0.0
3022442,178.85542
3022443,0.0
3022444,1254.4738
3022445,323.7958
3022446,317.32922
3022447,169.09993
3022448,13.742885
3022449,2805.7437
3022450,0.0
3022451,0.0
3022452,6.0810914
3022453,11.2558775
3022454,0.0
3022455,281.8617
3022456,0.0
3022457,0.0
3022458,0.0
3022459,0.0
3022460,0.0
3022461,191.60693
3022462,317.802
3022463,0.0
3022464,0.0
3022465,94.82908
3022466,35.699463
3022467,370.41446
3022468,0.0
3022469,0.0
3022470,0.0
3022471,0.0
3022472,0.0
3022473,1834.3276
3022474,0.0
3022475,180.99155
3022476,0.0
3022477,1060.23
3022478,342.16928
3022479,343.42926
3022480,167.69534
3022481,16.373991
3022482,2888.3865
3022483,0.0
3022484,0.0
3022485,8.712192
3022486,0.0
3022487,0.0
3022488,301.03418
3022489,0.0
3022490,0.0
3022491,0.0
3022492,17.498896
3022493,0.0
3022494,108.076294
3022495,249.46748
3022496,0.0
3022497,0.0
3022498,97.46018
3022499,36.30328
3022500,630.95276
3022501,0.0
3022502,0.0
3022503,0.0
3022504,0.0
3022505,0.0
3022506,1160.2561
3022507,0.0
3022508,181.27943
3022509,0.0
3022510,927.61316
3022511,281.85907
3022512,283.77145
3022513,246.04576
3022514,4.1307635
3022515,1941.5303
3022516,0.0
3022517,0.0
3022518,0.0
3022519,1.6437461
3022520,0.0
3022521,243.45802
3022522,0.0
3022523,0.0
3022524,0.0
3022525,0.0
3022526,0.0
3022527,100.589455
3022528,163.46428
3022529,0.0
3022530,0.0
3022531,85.21696
3022532,24.060047
3022533,196.36185
3022534,0.0
3022535,0.0
3022536,0.0
3022537,0.0
3022538,65.64568
3022539,2852.2969
3022540,0.0
3022541,356.56668
3022542,0.0
3022543,1172.9335
3022544,610.05634
3022545,523.7275
3022546,309.556
3022547,24.318611
3022548,4549.603
3022549,0.0
3022550,0.0
3022551,10.199752
3022552,86.473495
3022553,0.0
3022554,361.70203
3022555,0.0
3022556,0.0
3022557,61.73962
3022558,0.0
3022559,0.0
3022560,161.53683
3022561,345.4352
3022562,0.0
3022563,0.0
3022564,327.5873
3022565,30.544046
3022566,1001.7791
3022567,165.42574
3022568,0.0
3022569,0.0
3022570,0.0
3022571,0.0
3022572,2150.416
3022573,0.0
3022574,450.66382
3022575,0.0
3022576,674.613
3022577,455.4758
3022578,240.58221
3022579,367.61218
3022580,3.4524179
3022581,2523.1467
3022582,0.0
3022583,0.0
3022584,0.0
3022585,29.58768
3022586,0.0
3022587,245.67207
3022588,0.0
3022589,0.0
3022590,4.8538756
3022591,80.01278
3022592,0.0
3022593,91.59419
3022594,243.63432
3022595,0.0
3022596,0.0
3022597,104.13789
3022598,18.64986
3022599,1151.6196
3022600,52.945827
3022601,0.0
3022602,0.0
3022603,0.0
3022604,0.0
3022605,2455.7312
3022606,0.0
3022607,317.97235
3022608,0.0
3022609,1107.9468
3022610,341.9805
3022611,337.29346
3022612,174.0479
3022613,6.8867445
3022614,3214.0515
3022615,0.0
3022616,0.0
3022617,0.0
3022618,0.0
3022619,0.0
3022620,223.49237
3022621,0.0
3022622,0.0
3022623,0.0
3022624,0.0
3022625,0.0
3022626,95.02852
3022627,232.77217
3022628,0.0
3022629,0.0
3022630,185.83578
3022631,22.08419
3022632,475.7983
3022633,12.450686
3022634,0.0
3022635,0.0
3022636,0.0
3022637,17.340155
3022638,2752.2922
3022639,0.0
3022640,581.031
3022641,0.0
3022642,805.65796
3022643,715.0923
3022644,212.1031
3022645,145.83043
3022646,66.830986
3022647,3619.3206
3022648,0.0
3022649,0.0
3022650,1.4588995
3022651,38.359253
3022652,0.0
3022653,301.6192
3022654,0.0
3022655,0.0
3022656,0.0
3022657,87.3243
3022658,0.0
3022659,379.72043
3022660,258.0344
3022661,0.0
3022662,0.0
3022663,402.95197
3022664,70.34044
3022665,2120.602
3022666,0.0
3022667,0.0
3022668,0.0
3022669,0.0
3022670,0.0
3022671,2917.5225
3022672,0.0
3022673,391.22174
3022674,0.0
3022675,1377.0883
3022676,549.91876
3022677,539.5776
3022678,413.96136
3022679,22.129807
3022680,4735.8516
3022681,0.0
3022682,0.0
3022683,14.197283
3022684,72.67529
3022685,0.0
3022686,370.12097
3022687,0.0
3022688,35.277164
3022689,47.941467
3022690,75.689445
3022691,0.0
3022692,138.84149
3022693,358.2086
3022694,0.0
3022695,0.0
3022696,119.17265
3022697,43.513588
3022698,774.7256
3022699,211.37753
3022700,0.0
3022701,0.0
3022702,0.0
3022703,0.0
3022704,2632.319
3022705,0.0
3022706,407.27664
3022707,0.0
3022708,1281.3793
3022709,483.24185
3022710,396.8225
3022711,551.5033
3022712,30.962088
3022713,3900.8708
3022714,3.0221486
3022715,0.0
3022716,54.455307
3022717,125.02714
3022718,0.0
3022719,354.56876
3022720,0.0
3022721,0.0
3022722,0.0
3022723,69.29499
3022724,0.0
3022725,102.18458
3022726,331.46112
3022727,0.0
3022728,0.0
3022729,112.844986
3022730,39.994442
3022731,794.2316
3022732,0.0
3022733,0.0
3022734,0.0
3022735,0.0
3022736,0.0
3022737,1517.2783
3022738,0.0
3022739,184.6851
3022740,0.0
3022741,816.8796
3022742,247.90533
3022743,136.82693
3022744,137.4557
3022745,7.8150744
3022746,2193.34
3022747,0.0
3022748,0.0
3022749,0.0
3022750,0.0
3022751,0.0
3022752,168.22072
3022753,0.0
3022754,0.0
3022755,0.0
3022756,0.0
3022757,0.0
3022758,74.355316
3022759,106.36779
3022760,0.0
3022761,0.0
3022762,85.01573
3022763,12.165191
3022764,434.24225
3022765,0.0
3022766,0.0
3022767,0.0
3022768,0.0
3022769,0.0
3022770,1935.2788
3022771,0.0
3022772,275.67938
3022773,0.0
3022774,706.23834
3022775,475.1756
3022776,156.5018
3022777,71.37395
3022778,36.815063
3022779,2156.3513
3022780,0.0
3022781,0.0
3022782,0.0
3022783,2.325381
3022784,0.0
3022785,164.15826
3022786,0.0
3022787,0.0
3022788,0.0
3022789,5.3395658
3022790,0.0
3022791,465.73834
3022792,118.47937
3022793,0.0
3022794,0.0
3022795,251.07556
3022796,36.277275
3022797,847.7394
3022798,0.0
3022799,0.0
3022800,0.0
3022801,0.0
3022802,154.14828
3022803,3758.3474
3022804,0.0
3022805,848.48883
3022806,0.0
3022807,1162.2261
3022808,1230.1521
3022809,519.5741
3022810,104.063
3022811,39.58416
3022812,3422.3215
3022813,0.0
3022814,0.0
3022815,163.15053
3022816,342.18997
3022817,0.0
3022818,274.81155
3022819,0.0
3022820,0.0
3022821,0.0
3022822,1.5094475
3022823,0.0
3022824,235.38678
3022825,550.817
3022826,0.0
3022827,0.0
3022828,295.8374
3022829,34.301395
3022830,2879.46
3022831,0.0
3022832,132.85516
3022833,0.0
3022834,0.0
3022835,0.0
3022836,2286.9138
3022837,0.0
3022838,404.5073
3022839,0.0
3022840,587.79535
3022841,522.45874
3022842,168.00832
3022843,82.31652
3022844,21.298384
3022845,1258.4626
3022846,0.0
3022847,0.0
3022848,0.0
3022849,0.0
3022850,0.0
3022851,136.4101
3022852,0.0
3022853,0.0
3022854,0.0
3022855,16.315138
3022856,0.0
3022857,201.23506
3022858,145.85898
3022859,0.0
3022860,0.0
3022861,137.57687
3022862,8.628124
3022863,935.7824
3022864,0.0
3022865,0.0
3022866,0.0
3022867,0.0
3022868,0.0
3022869,1256.0239
3022870,0.0
3022871,145.41039
3022872,0.0
3022873,342.96265
3022874,223.19345
3022875,114.24935
3022876,79.924774
3022877,17.375835
3022878,1124.659
3022879,0.0
3022880,0.0
3022881,0.0
3022882,0.0
3022883,0.0
3022884,108.114174
3022885,0.0
3022886,0.0
3022887,0.0
3022888,0.0
3022889,0.0
3022890,198.84334
3022891,0.0
3022892,0.0
3022893,0.0
3022894,134.80159
3022895,6.236401
3022896,440.56738
3022897,0.0
3022898,0.0
3022899,4.7103333
3022900,0.13096623
3022901,62.948223
3022902,3253.8918
3022903,0.0
3022904,706.5131
3022905,6.0009155
3022906,971.8157
3022907,840.4812
3022908,380.70126
3022909,151.68596
3022910,60.926075
3022911,3349.5122
3022912,11.282783
3022913,2.151536
3022914,27.22041
3022915,96.93106
3022916,1.7866641
3022917,290.40244
3022918,3.95605
3022919,4.357177
3022920,3.1660032
3022921,127.175255
3022922,0.0
3022923,196.92638
3022924,323.7832
3022925,10.319286
3022926,3.1824446
3022927,229.1148
3022928,55.518208
3022929,2181.468
3022930,1.4226794
3022931,69.06167
3022932,0.0
3022933,0.0
3022934,0.0
3022935,3205.4866
3022936,0.0
3022937,601.4616
3022938,0.0
3022939,1170.8672
3022940,710.1115
3022941,410.76657
3022942,530.825
3022943,43.824642
3022944,4128.5137
3022945,3.825512
3022946,0.0
3022947,19.763142
3022948,71.48056
3022949,0.0
3022950,325.37024
3022951,0.0
3022952,0.0
3022953,0.0
3022954,37.165764
3022955,0.0
3022956,165.17567
3022957,366.1112
3022958,2.8620176
3022959,0.0
3022960,266.88455
3022961,48.060936
3022962,1157.2643
3022963,0.0
3022964,3.5652475
3022965,0.0
3022966,0.0
3022967,0.0
3022968,2666.314
3022969,0.0
3022970,521.2231
3022971,0.0
3022972,965.3152
3022973,555.4685
3022974,347.35355
3022975,464.32104
3022976,15.694315
3022977,3500.0874
3022978,0.0
3022979,0.0
3022980,91.86411
3022981,0.0
3022982,0.0
3022983,321.48013
3022984,0.0
3022985,0.0
3022986,0.0
3022987,83.963554
3022988,0.0
3022989,101.731255
3022990,336.98804
3022991,0.0
3022992,0.0
3022993,173.64697
3022994,22.20929
3022995,828.674
3022996,0.0
3022997,0.0
3022998,5.1101565
3022999,0.0
3023000,92.448555
3023001,7952.6626
3023002,0.0
3023003,1221.1272
3023004,14.300478
3023005,1912.3392
3023006,1936.2822
3023007,450.23694
3023008,378.12302
3023009,213.24973
3023010,7183.7017
3023011,43.70364
3023012,0.0
3023013,50.76636
3023014,78.28191
3023015,0.0
3023016,596.24316
3023017,19.463745
3023018,31.455612
3023019,158.52069
3023020,191.4668
3023021,0.0
3023022,591.3943
3023023,740.07513
3023024,0.0
3023025,12.211587
3023026,977.876
3023027,196.78238
3023028,6845.8574
3023029,0.0
3023030,89.88905
3023031,0.0
3023032,0.0
3023033,0.0
3023034,1636.9037
3023035,0.0
3023036,179.101
3023037,0.0
3023038,647.0655
3023039,268.78717
3023040,177.14159
3023041,282.71613
3023042,7.8726697
3023043,1713.6389
3023044,0.0
3023045,0.0
3023046,0.0
3023047,0.0
3023048,0.0
3023049,174.22943
3023050,0.0
3023051,0.0
3023052,0.0
3023053,0.0
3023054,0.0
3023055,73.452515
3023056,178.62357
3023057,0.0
3023058,0.0
3023059,80.2937
3023060,14.387658
3023061,327.727
3023062,0.0
3023063,0.0
3023064,0.0
3023065,0.0
3023066,0.0
3023067,2740.2158
3023068,0.0
3023069,478.754
3023070,0.0
3023071,1385.0106
3023072,627.74896
3023073,321.26697
3023074,416.2812
3023075,42.91441
3023076,4027.0188
3023077,0.0
3023078,0.0
3023079,19.649502
3023080,101.84296
3023081,0.0
3023082,359.06918
3023083,0.0
3023084,0.0
3023085,0.0
3023086,23.930634
3023087,0.0
3023088,215.94266
3023089,363.72238
3023090,0.0
3023091,0.0
3023092,104.67895
3023093,47.94732
3023094,838.0606
3023095,0.0
3023096,3.4515972
3023097,0.0
3023098,0.0
3023099,0.0
3023100,1137.6313
3023101,0.0
3023102,143.90778
3023103,0.0
3023104,660.8191
3023105,159.81343
3023106,139.10231
3023107,311.90042
3023108,0.0
3023109,1610.4243
3023110,0.0
3023111,0.0
3023112,0.0
3023113,0.0
3023114,0.0
3023115,81.39231
3023116,0.0
3023117,0.0
3023118,0.0
3023119,0.0
3023120,0.0
3023121,112.319435
3023122,76.977776
3023123,0.0
3023124,0.0
3023125,58.687275
3023126,1.9556377
3023127,107.09833
3023128,0.0
3023129,0.0
3023130,0.0
3023131,0.0
3023132,0.0
3023133,1906.7612
3023134,0.0
3023135,336.57837
3023136,0.0
3023137,1028.8397
3023138,411.1887
3023139,265.142
3023140,349.50284
3023141,31.887348
3023142,2845.3733
3023143,0.0
3023144,0.0
3023145,8.622433
3023146,67.176765
3023147,0.0
3023148,291.0257
3023149,0.0
3023150,0.0
3023151,0.0
3023152,59.99039
3023153,0.0
3023154,175.13432
3023155,287.04517
3023156,0.0
3023157,0.0
3023158,124.9685
3023159,22.446733
3023160,744.12225
3023161,0.0
3023162,0.0
3023163,0.0
3023164,0.0
3023165,0.0
3023166,2660.9604
3023167,0.0
3023168,641.1502
3023169,0.0
3023170,910.7065
3023171,559.8932
3023172,275.21188
3023173,373.11633
3023174,44.678284
3023175,3597.0974
3023176,0.0
3023177,0.0
3023178,13.592769
3023179,53.094833
3023180,0.0
3023181,284.83902
3023182,0.0
3023183,0.0
3023184,0.0
3023185,64.9607
3023186,0.0
3023187,162.65314
3023188,318.1683
3023189,0.0
3023190,0.0
3023191,165.49997
3023192,27.41706
3023193,408.44904
3023194,0.0
3023195,0.0
3023196,0.0
3023197,0.0
3023198,0.0
3023199,1534.5775
3023200,0.0
3023201,105.51039
3023202,0.0
3023203,595.67596
3023204,191.1466
3023205,111.416695
3023206,394.93106
3023207,9.985529
3023208,1771.3843
3023209,0.0
3023210,0.0
3023211,0.0
3023212,0.0
3023213,0.0
3023214,115.9174
3023215,0.0
3023216,0.0
3023217,0.0
3023218,0.0
3023219,0.0
3023220,153.588
3023221,114.75565
3023222,0.0
3023223,0.0
3023224,108.69626
3023225,16.829645
3023226,333.1103
3023227,0.0
3023228,0.0
3023229,0.0
3023230,0.0
3023231,0.0
3023232,2962.5173
3023233,0.0
3023234,487.4366
3023235,0.0
3023236,993.6281
3023237,577.64777
3023238,289.65506
3023239,365.86392
3023240,55.429115
3023241,3487.9834
3023242,0.0
3023243,0.0
3023244,89.8101
3023245,58.987965
3023246,0.0
3023247,299.37277
3023248,0.0
3023249,0.0
3023250,0.0
3023251,70.85385
3023252,0.0
3023253,159.58772
3023254,301.46732
3023255,0.0
3023256,0.0
3023257,103.24208
3023258,23.909197
3023259,1077.4875
3023260,0.0
3023261,0.0
3023262,1.2664416
3023263,0.0
3023264,56.918056
3023265,3125.474
3023266,0.0
3023267,601.13525
3023268,0.0
3023269,1018.60443
3023270,878.5745
3023271,236.42699
3023272,127.22488
3023273,77.86567
3023274,3404.96
3023275,8.846229
3023276,0.0
3023277,23.77653
3023278,99.68377
3023279,0.0
3023280,329.94257
3023281,0.5121617
3023282,0.91328377
3023283,56.26369
3023284,131.19826
3023285,0.0
3023286,166.34991
3023287,333.90646
3023288,0.0
3023289,0.0
3023290,140.82263
3023291,73.36754
3023292,2304.2683
3023293,0.0
3023294,1.9180521
3023295,0.0
3023296,0.0
3023297,19.708395
3023298,2561.1626
3023299,0.0
3023300,516.7124
3023301,0.0
3023302,996.4316
3023303,738.0504
3023304,169.5807
3023305,99.39233
3023306,63.314068
3023307,3066.001
3023308,0.0
3023309,0.0
3023310,28.970493
3023311,41.133186
3023312,0.0
3023313,305.18365
3023314,0.0
3023315,0.0
3023316,0.0
3023317,88.55155
3023318,0.0
3023319,138.51753
3023320,335.72906
3023321,0.0
3023322,0.0
3023323,112.99016
3023324,46.44421
3023325,1847.7483
3023326,0.0
3023327,14.311728
3023328,0.0
3023329,0.0
3023330,37.354267
3023331,3689.4966
3023332,0.0
3023333,663.7928
3023334,0.0
3023335,1580.9767
3023336,617.6928
3023337,287.74545
3023338,940.1372
3023339,46.234226
3023340,5033.856
3023341,1.6232226
3023342,0.0
3023343,15.6444845
3023344,54.837437
3023345,0.0
3023346,371.86908
3023347,0.0
3023348,0.0
3023349,36.69988
3023350,21.81905
3023351,0.0
3023352,338.23462
3023353,396.76813
3023354,0.0
3023355,0.0
3023356,197.86545
3023357,49.78166
3023358,1330.6942
3023359,97.97918
3023360,0.0
3023361,0.0
3023362,0.0
3023363,0.0
3023364,2497.6018
3023365,0.0
3023366,373.7988
3023367,0.0
3023368,788.46967
3023369,614.09546
3023370,141.2059
3023371,173.93848
3023372,81.146645
3023373,2995.0051
3023374,0.0
3023375,0.0
3023376,0.0
3023377,0.0
3023378,0.0
3023379,251.48721
3023380,0.0
3023381,0.0
3023382,0.0
3023383,12.21448
3023384,0.0
3023385,289.43628
3023386,201.64534
3023387,0.0
3023388,0.0
3023389,364.29462
3023390,59.06001
3023391,2145.5603
3023392,0.0
3023393,0.0
3023394,0.0
3023395,0.0
3023396,38.280922
3023397,4209.5874
3023398,0.0
3023399,515.8105
3023400,0.0
3023401,1737.1462
3023402,579.606
3023403,365.7524
3023404,368.886
3023405,39.156857
3023406,5852.758
3023407,0.0
3023408,0.0
3023409,39.53899
3023410,0.0
3023411,0.0
3023412,381.43442
3023413,0.0
3023414,0.0
3023415,0.0
3023416,11.684903
3023417,0.0
3023418,148.08769
3023419,415.07077
3023420,0.0
3023421,0.0
3023422,127.372856
3023423,39.98484
3023424,1063.4701
3023425,0.0
3023426,0.0
3023427,0.0
3023428,0.0
3023429,23.31031
3023430,2777.4258
3023431,0.0
3023432,578.0648
3023433,0.0
3023434,1023.3572
3023435,583.3087
3023436,258.26004
3023437,113.21476
3023438,66.71394
3023439,3473.8184
3023440,0.0
3023441,0.0
3023442,24.56838
3023443,55.712795
3023444,0.0
3023445,256.2511
3023446,0.0
3023447,0.0
3023448,0.0
3023449,77.67396
3023450,0.0
3023451,172.1915
3023452,326.1424
3023453,0.0
3023454,19.630491
3023455,122.90546
3023456,35.51758
3023457,1663.7603
3023458,0.0
3023459,0.0
3023460,0.0
3023461,0.0
3023462,0.0
3023463,2950.475
3023464,0.0
3023465,621.22375
3023466,0.0
3023467,928.2815
3023468,741.21075
3023469,290.80347
3023470,115.47852
3023471,38.804615
3023472,3124.9236
3023473,10.138649
3023474,0.0
3023475,6.3635864
3023476,133.69853
3023477,0.0
3023478,293.07095
3023479,0.0
3023480,0.0
3023481,129.16145
3023482,122.72181
3023483,0.0
3023484,156.00098
3023485,358.23904
3023486,0.0
3023487,0.0
3023488,113.36596
3023489,50.983116
3023490,2367.3323
3023491,0.0
3023492,5.3780694
3023493,0.0
3023494,0.0
3023495,0.0
3023496,4501.8984
3023497,0.0
3023498,475.5327
3023499,0.0
3023500,1286.2347
3023501,604.4711
3023502,266.79987
3023503,541.1678
3023504,46.16504
3023505,4055.88
3023506,0.0
3023507,0.0
3023508,0.0
3023509,0.0
3023510,0.0
3023511,205.09982
3023512,0.0
3023513,0.0
3023514,0.0
3023515,50.869858
3023516,0.0
3023517,122.56278
3023518,262.16537
3023519,0.0
3023520,0.0
3023521,109.088196
3023522,34.57472
3023523,947.89166
3023524,0.0
3023525,0.0
3023526,17.18376
3023527,0.0
3023528,23.22439
3023529,8904.359
3023530,0.0
3023531,1533.6948
3023532,0.0
3023533,2319.3818
3023534,2115.7505
3023535,553.10004
3023536,441.41367
3023537,269.78815
3023538,8485.695
3023539,20.763487
3023540,0.0
3023541,51.25178
3023542,189.11136
3023543,0.0
3023544,601.94055
3023545,220.3526
3023546,0.0
3023547,324.54108
3023548,301.60602
3023549,0.0
3023550,686.91284
3023551,675.0418
3023552,0.0
3023553,55.554764
3023554,986.37244
3023555,266.25677
3023556,8724.752
3023557,383.197
3023558,51.531982
3023559,0.0
3023560,0.0
3023561,41.25192
3023562,8463.441
3023563,0.0
3023564,1349.3752
3023565,0.0
3023566,2477.283
3023567,1758.5376
3023568,605.3545
3023569,283.26016
3023570,253.28658
3023571,10084.353
3023572,14.507918
3023573,0.0
3023574,20.665478
3023575,148.66264
3023576,0.0
3023577,604.56616
3023578,194.76064
3023579,0.0
3023580,284.09235
3023581,200.59901
3023582,0.0
3023583,813.1347
3023584,796.8487
3023585,0.0
3023586,0.0
3023587,1011.1527
3023588,229.58186
3023589,5134.0474
3023590,433.43634
3023591,48.320904
3023592,0.0
3023593,0.0
3023594,0.0
3023595,5502.549
3023596,0.0
3023597,942.1702
3023598,0.0
3023599,2069.2288
3023600,989.89886
3023601,658.7202
3023602,166.44351
3023603,149.1945
3023604,8335.175
3023605,0.0
3023606,0.0
3023607,0.0
3023608,0.0
3023609,0.0
3023610,461.8293
3023611,0.22917734
3023612,0.0
3023613,61.891155
3023614,7.79348
3023615,0.0
3023616,880.1461
3023617,598.56836
3023618,0.0
3023619,0.0
3023620,752.4375
3023621,105.80219
3023622,2481.0828
3023623,188.17116
3023624,0.0
3023625,0.0
3023626,0.0
3023627,41.293915
3023628,7846.2593
3023629,0.0
3023630,1270.8992
3023631,0.0
3023632,2304.1768
3023633,1610.9929
3023634,610.82086
3023635,230.92703
3023636,142.51553
3023637,9106.902
3023638,12.802351
3023639,0.0
3023640,22.916286
3023641,142.8851
3023642,0.0
3023643,642.09094
3023644,248.02925
3023645,0.0
3023646,302.72244
3023647,123.817444
3023648,0.0
3023649,635.03375
3023650,904.0723
3023651,0.0
3023652,0.0
3023653,871.62274
3023654,170.26208
3023655,4838.706
3023656,493.12918
3023657,33.457905
3023658,0.0
3023659,0.0
3023660,0.0
3023661,4180.121
3023662,0.0
3023663,846.22754
3023664,0.0
3023665,1876.7092
3023666,758.46423
3023667,526.36993
3023668,130.88211
3023669,102.2888
3023670,6713.5024
3023671,0.0
3023672,0.0
3023673,0.0
3023674,0.0
3023675,0.0
3023676,460.19638
3023677,25.369822
3023678,0.0
3023679,88.10157
3023680,23.5117
3023681,0.0
3023682,666.5321
3023683,583.09906
3023684,0.0
3023685,0.0
3023686,643.935
3023687,88.9111
3023688,1362.9308
3023689,169.984
3023690,0.0
3023691,0.07328372
3023692,0.0
3023693,69.0858
3023694,7108.5107
3023695,0.0
3023696,1443.0656
3023697,4.546172
3023698,2172.4512
3023699,2032.6718
3023700,447.6786
3023701,316.4358
3023702,161.5044
3023703,7284.0215
3023704,31.791174
3023705,0.0
3023706,50.708153
3023707,219.1331
3023708,0.0
3023709,515.27856
3023710,294.18393
3023711,4.048987
3023712,356.9156
3023713,284.2875
3023714,0.6432498
3023715,552.9836
3023716,852.6721
3023717,0.0
3023718,4.641773
3023719,678.3098
3023720,211.69995
3023721,7139.131
3023722,518.77014
3023723,61.249832
3023724,0.0
3023725,0.0
3023726,0.0
3023727,1760.978
3023728,0.0
3023729,370.84952
3023730,0.0
3023731,853.051
3023732,439.6359
3023733,188.63553
3023734,135.4355
3023735,82.69949
3023736,2463.2627
3023737,0.0
3023738,0.0
3023739,0.0
3023740,0.47481522
3023741,0.0
3023742,241.12596
3023743,0.0
3023744,0.0
3023745,0.0
3023746,31.070906
3023747,0.0
3023748,263.84415
3023749,206.02448
3023750,0.0
3023751,0.0
3023752,211.65558
3023753,52.75792
3023754,1459.2483
3023755,0.0
3023756,0.0
3023757,0.0
3023758,0.0
3023759,0.0
3023760,4241.7124
3023761,0.0
3023762,673.3154
3023763,0.0
3023764,1588.1346
3023765,752.5074
3023766,398.31564
3023767,118.98316
3023768,114.87473
3023769,5956.3887
3023770,0.0
3023771,0.0
3023772,0.0
3023773,0.0
3023774,0.0
3023775,380.97025
3023776,21.01924
3023777,0.0
3023778,0.0
3023779,117.02792
3023780,0.0
3023781,496.5745
3023782,459.88797
3023783,0.0
3023784,0.0
3023785,407.83395
3023786,64.784485
3023787,1747.2344
3023788,252.45422
3023789,0.0
3023790,0.0
3023791,0.0
3023792,0.0
3023793,4679.4873
3023794,0.0
3023795,889.95355
3023796,0.0
3023797,1543.9342
3023798,1058.2664
3023799,226.24496
3023800,231.27522
3023801,139.78728
3023802,5076.999
3023803,1.8463931
3023804,0.0
3023805,37.126587
3023806,91.066055
3023807,0.0
3023808,174.8066
3023809,0.0
3023810,0.0
3023811,0.0
3023812,119.85264
3023813,0.0
3023814,522.27704
3023815,394.8807
3023816,0.0
3023817,28.019505
3023818,678.50287
3023819,93.54963
3023820,4685.9736
3023821,0.0
3023822,12.458691
3023823,0.0
3023824,0.0
3023825,65.05586
3023826,4431.5356
3023827,0.0
3023828,791.85693
3023829,0.0
3023830,1191.1268
3023831,727.68896
3023832,246.07808
3023833,60.295002
3023834,33.26298
3023835,5592.0376
3023836,1.649981
3023837,0.0
3023838,56.765015
3023839,68.63082
3023840,0.0
3023841,269.41602
3023842,0.0
3023843,0.0
3023844,0.0
3023845,133.21046
3023846,0.0
3023847,146.90681
3023848,473.85052
3023849,0.0
3023850,0.0
3023851,87.43536
3023852,57.346996
3023853,3814.8872
3023854,0.0
3023855,32.097073
3023856,0.0
3023857,0.0
3023858,5.8621726
3023859,2491.1543
3023860,0.0
3023861,532.54193
3023862,0.0
3023863,1205.6134
3023864,293.5753
3023865,232.64622
3023866,55.496395
3023867,30.369133
3023868,3400.0244
3023869,0.0
3023870,0.0
3023871,0.0
3023872,9.437137
3023873,0.0
3023874,251.08359
3023875,0.0
3023876,0.0
3023877,0.0
3023878,43.160374
3023879,0.0
3023880,193.29831
3023881,245.5231
3023882,0.0
3023883,0.0
3023884,82.63674
3023885,52.54839
3023886,1419.6122
3023887,0.0
3023888,0.0
3023889,0.0
3023890,0.0
3023891,0.0
3023892,3027.8303
3023893,0.0
3023894,295.8828
3023895,0.0
3023896,1326.3394
3023897,259.01163
3023898,196.05592
3023899,190.12549
3023900,0.0
3023901,3501.1648
3023902,0.0
3023903,0.0
3023904,0.0
3023905,0.0
3023906,0.0
3023907,238.31798
3023908,0.0
3023909,0.0
3023910,0.0
3023911,0.0
3023912,0.0
3023913,29.54478
3023914,245.81024
3023915,0.0
3023916,0.0
3023917,27.875145
3023918,39.071453
3023919,134.9763
3023920,0.0
3023921,0.0
3023922,0.0
3023923,0.0
3023924,25.74251
3023925,3848.5469
3023926,0.0
3023927,575.2838
3023928,0.0
3023929,1043.7612
3023930,806.9391
3023931,337.36395
3023932,155.7841
3023933,103.047935
3023934,4299.504
3023935,0.0
3023936,0.0
3023937,20.170885
3023938,12.814727
3023939,0.0
3023940,314.7613
3023941,0.0
3023942,0.0
3023943,76.40884
3023944,58.014484
3023945,0.0
3023946,363.96466
3023947,331.65213
3023948,0.0
3023949,0.0
3023950,503.51385
3023951,73.10639
3023952,2368.6885
3023953,0.0
3023954,47.44928
3023955,4.9310794
3023956,0.0
3023957,0.0
3023958,4431.26
3023959,0.0
3023960,762.5548
3023961,2.1269028
3023962,1065.9113
3023963,1264.925
3023964,252.81949
3023965,253.13866
3023966,128.6829
3023967,4344.4736
3023968,19.77583
3023969,0.0
3023970,48.30014
3023971,95.34784
3023972,0.0
3023973,319.21774
3023974,9.824572
3023975,0.5190129
3023976,10.632527
3023977,137.62044
3023978,0.0
3023979,412.64487
3023980,354.53168
3023981,0.0
3023982,71.85093
3023983,534.3258
3023984,129.64397
3023985,4903.6074
3023986,0.0
3023987,72.57249
3023988,0.0
3023989,0.0
3023990,42.56684
3023991,4274.352
3023992,0.0
3023993,841.0068
3023994,0.0
3023995,1202.5563
3023996,1324.326
3023997,349.75687
3023998,234.90007
3023999,84.03279
3024000,4452.0674
3024001,6.3505607
3024002,0.0
3024003,37.818306
3024004,74.54519
3024005,0.0
3024006,341.98975
3024007,0.0
3024008,0.0
3024009,65.88116
3024010,119.57977
3024011,0.0
3024012,381.0376
3024013,409.18457
3024014,0.0
3024015,0.0
3024016,496.33313
3024017,125.68862
3024018,4212.1943
3024019,0.0
3024020,61.098083
3024021,0.0
3024022,0.0
3024023,11.961974
3024024,3291.8335
3024025,0.0
3024026,540.8191
3024027,0.0
3024028,1499.1718
3024029,619.3887
3024030,570.76324
3024031,356.58942
3024032,30.047392
3024033,5658.1406
3024034,0.0
3024035,0.0
3024036,6.089436
3024037,0.0
3024038,0.0
3024039,437.18344
3024040,0.0
3024041,0.0
3024042,80.29497
3024043,63.622044
3024044,0.0
3024045,289.56662
3024046,440.20975
3024047,0.0
3024048,0.0
3024049,384.31097
3024050,40.1536
3024051,1250.6031
3024052,119.46874
3024053,0.0
3024054,0.0
3024055,0.0
3024056,0.0
3024057,1989.1757
3024058,0.0
3024059,359.75647
3024060,0.0
3024061,616.9278
3024062,553.57446
3024063,133.24155
3024064,122.48128
3024065,56.646893
3024066,2401.209
3024067,0.0
3024068,0.0
3024069,0.0
3024070,0.0
3024071,0.0
3024072,179.77272
3024073,0.0
3024074,0.0
3024075,0.0
3024076,0.0
3024077,0.0
3024078,246.72577
3024079,167.74313
3024080,0.0
3024081,0.0
3024082,237.98785
3024083,44.05106
3024084,1579.2443
3024085,0.0
3024086,0.0
3024087,0.0
3024088,0.0
3024089,0.0
3024090,1004.95197
3024091,0.0
3024092,65.47133
3024093,0.0
3024094,692.7121
3024095,126.87798
3024096,243.18475
3024097,23.58909
3024098,0.0
3024099,2066.557
3024100,0.0
3024101,0.0
3024102,0.0
3024103,0.0
3024104,0.0
3024105,139.5306
3024106,0.0
3024107,0.0
3024108,0.0
3024109,0.0
3024110,0.0
3024111,220.12016
3024112,87.376305
3024113,0.0
3024114,0.0
3024115,170.17984
3024116,6.077578
3024117,86.428566
3024118,0.0
3024119,0.0
3024120,0.0
3024121,0.0
3024122,43.321728
3024123,3959.0798
3024124,0.0
3024125,550.6676
3024126,0.0
3024127,1572.0005
3024128,552.97
3024129,535.9949
3024130,135.17949
3024131,27.614107
3024132,6098.869
3024133,2.5462263
3024134,0.0
3024135,56.003273
3024136,0.0
3024137,0.0
3024138,447.60474
3024139,0.0
3024140,0.0
3024141,0.0
3024142,135.20195
3024143,0.0
3024144,512.99176
3024145,484.8371
3024146,0.0
3024147,0.0
3024148,358.0653
3024149,19.252325
3024150,2144.8896
3024151,241.96228
3024152,1.2187335
3024153,0.0
3024154,0.0
3024155,0.0
3024156,1222.4594
3024157,0.0
3024158,133.26433
3024159,0.0
3024160,786.3459
3024161,309.0034
3024162,260.44354
3024163,73.35588
3024164,34.57688
3024165,2692.224
3024166,0.0
3024167,0.0
3024168,2.7600179
3024169,0.92495966
3024170,0.0
3024171,226.49994
3024172,0.0
3024173,0.0
3024174,0.0
3024175,0.0
3024176,0.0
3024177,126.07415
3024178,180.59167
3024179,0.0
3024180,0.0
3024181,118.75288
3024182,28.619286
3024183,285.04858
3024184,0.0
3024185,0.0
3024186,0.0
3024187,0.0
3024188,0.0
3024189,1323.6895
3024190,0.0
3024191,126.414764
3024192,0.0
3024193,722.7941
3024194,251.33975
3024195,248.71443
3024196,53.24797
3024197,20.4475
3024198,2623.6213
3024199,0.0
3024200,0.0
3024201,1.1290612
3024202,0.0
3024203,0.0
3024204,207.58914
3024205,0.0
3024206,0.0
3024207,0.0
3024208,0.0
3024209,0.0
3024210,124.443184
3024211,173.87311
3024212,0.0
3024213,0.0
3024214,79.0712
3024215,26.988327
3024216,128.94148
3024217,0.0
3024218,0.0
3024219,0.0
3024220,0.0
3024221,6.9805655
3024222,1083.6708
3024223,0.0
3024224,139.3841
3024225,0.0
3024226,1114.6761
3024227,290.16794
3024228,290.20102
3024229,65.27272
3024230,14.501935
3024231,2833.1572
3024232,0.0
3024233,0.0
3024234,9.7206
3024235,0.0
3024236,0.0
3024237,260.56146
3024238,0.0
3024239,0.0
3024240,0.0
3024241,0.0
3024242,0.0
3024243,191.48727
3024244,280.41476
3024245,0.0
3024246,0.0
3024247,92.96056
3024248,35.57987
3024249,418.51877
3024250,0.0
3024251,0.0
3024252,0.0
3024253,0.0
3024254,0.0
3024255,1433.8605
3024256,0.0
3024257,134.24216
3024258,0.0
3024259,895.4474
3024260,311.68002
3024261,308.34546
3024262,67.90381
3024263,17.13304
3024264,2841.6782
3024265,0.0
3024266,0.0
3024267,0.0
3024268,1.451433
3024269,0.0
3024270,267.5721
3024271,0.0
3024272,0.0
3024273,0.0
3024274,0.0
3024275,0.0
3024276,107.95667
3024277,232.15051
3024278,0.0
3024279,0.0
3024280,95.59167
3024281,36.183678
3024282,1039.6733
3024283,0.0
3024284,0.0
3024285,0.0
3024286,0.0
3024287,0.0
3024288,1205.282
3024289,0.0
3024290,141.80814
3024291,0.0
3024292,844.69824
3024293,225.25124
3024294,225.78828
3024295,101.3902
3024296,20.318619
3024297,1887.761
3024298,0.0
3024299,0.0
3024300,0.108460456
3024301,0.0
3024302,0.0
3024303,216.84477
3024304,0.0
3024305,0.0
3024306,0.0
3024307,2.000744
3024308,0.0
3024309,100.46983
3024310,160.02177
3024311,0.0
3024312,0.0
3024313,83.34844
3024314,23.940434
3024315,762.6767
3024316,0.0
3024317,0.0
3024318,0.0
3024319,0.0
3024320,60.984066
3024321,2971.1887
3024322,0.0
3024323,317.56006
3024324,0.0
3024325,1130.5587
3024326,563.90375
3024327,505.92712
3024328,190.73578
3024329,105.93163
3024330,4393.68
3024331,0.0
3024332,0.0
3024333,65.97158
3024334,74.03794
3024335,0.0
3024336,371.8352
3024337,0.0
3024338,0.0
3024339,144.23195
3024340,4.0120907
3024341,0.0
3024342,161.4172
3024343,324.5048
3024344,0.0
3024345,0.0
3024346,313.40295
3024347,30.42446
3024348,2098.766
3024349,162.05922
3024350,0.0
3024351,0.0
3024352,0.0
3024353,7.0436463
3024354,1921.141
3024355,0.0
3024356,414.60254
3024357,0.0
3024358,610.58
3024359,412.2676
3024360,217.15028
3024361,136.79526
3024362,7.1568036
3024363,2574.1426
3024364,0.0
3024365,0.0
3024366,0.0
3024367,20.097528
3024368,0.0
3024369,222.00414
3024370,0.0
3024371,10.15232
3024372,0.0
3024373,32.890015
3024374,0.0
3024375,94.419914
3024376,205.57895
3024377,0.0
3024378,0.0
3024379,181.58125
3024380,21.475594
3024381,2911.8882
3024382,75.06295
3024383,0.0
3024384,0.0
3024385,0.0
3024386,9.8880415
3024387,2368.1133
3024388,0.0
3024389,252.7786
3024390,0.0
3024391,992.44305
3024392,326.2194
3024393,314.68536
3024394,99.18745
3024395,54.835533
3024396,3071.1067
3024397,0.0
3024398,0.0
3024399,14.875506
3024400,0.0
3024401,0.0
3024402,199.88052
3024403,0.0
3024404,0.0
3024405,0.0
3024406,0.0
3024407,0.0
3024408,97.85424
3024409,198.88295
3024410,0.0
3024411,0.0
3024412,98.8201
3024413,24.909922
3024414,547.58435
3024415,26.724031
3024416,0.0
3024417,0.0
3024418,0.0
3024419,0.0
3024420,2552.3306
3024421,0.0
3024422,537.654
3024423,0.0
3024424,738.9654
3024425,662.9722
3024426,183.11157
3024427,135.64278
3024428,60.884007
3024429,3501.2793
3024430,0.0
3024431,0.0
3024432,0.0
3024433,23.160788
3024434,0.0
3024435,261.73035
3024436,0.0
3024437,0.0
3024438,0.0
3024439,61.130272
3024440,0.0
3024441,412.39008
3024442,253.62984
3024443,0.0
3024444,0.0
3024445,393.49957
3024446,63.514805
3024447,1883.1727
3024448,0.0
3024449,33.102146
3024450,0.0
3024451,0.0
3024452,0.0
3024453,2809.0862
3024454,0.0
3024455,342.92596
3024456,0.0
3024457,1240.6261
3024458,528.71893
3024459,516.1461
3024460,129.12265
3024461,25.834196
3024462,4536.4136
3024463,2.1118674
3024464,0.0
3024465,55.11871
3024466,63.185116
3024467,0.0
3024468,332.11475
3024469,0.0
3024470,83.712105
3024471,38.45132
3024472,75.37985
3024473,0.0
3024474,141.6672
3024475,318.20502
3024476,0.0
3024477,0.0
3024478,214.83984
3024479,46.339317
3024480,1600.5863
3024481,204.9968
3024482,0.78437036
3024483,0.0
3024484,0.0
3024485,0.0
3024486,2371.2166
3024487,0.0
3024488,371.21536
3024489,0.0
3024490,1141.1239
3024491,448.50986
3024492,373.3906
3024493,160.59972
3024494,94.84939
3024495,3949.7166
3024496,5.8478847
3024497,0.0
3024498,48.72426
3024499,112.99205
3024500,0.0
3024501,329.77408
3024502,0.0
3024503,71.69018
3024504,0.0
3024505,14.46386
3024506,0.0
3024507,105.0103
3024508,292.27905
3024509,0.0
3024510,0.0
3024511,113.92183
3024512,42.82018
3024513,1763.6537
3024514,0.0
3024515,2.4138665
3024516,0.0
3024517,0.0
3024518,0.0
3024519,1379.5684
3024520,0.0
3024521,141.40381
3024522,0.0
3024523,565.34485
3024524,215.12408
3024525,109.54073
3024526,53.900665
3024527,17.855251
3024528,2341.3677
3024529,0.0
3024530,0.0
3024531,0.0
3024532,0.0
3024533,0.0
3024534,142.34569
3024535,0.0
3024536,0.0
3024537,0.0
3024538,0.0
3024539,0.0
3024540,77.18104
3024541,79.590836
3024542,0.0
3024543,0.0
3024544,86.092575
3024545,14.990911
3024546,635.9101
3024547,0.0
3024548,0.0
3024549,0.0
3024550,0.0
3024551,0.0
3024552,1827.9292
3024553,0.0
3024554,224.87822
3024555,0.0
3024556,562.20544
3024557,416.31693
3024558,147.711
3024559,70.29454
3024560,40.464108
3024561,2011.2096
3024562,2.1307294
3024563,0.0
3024564,13.545812
3024565,0.0
3024566,0.0
3024567,128.8824
3024568,0.0
3024569,0.0
3024570,0.0
3024571,0.0
3024572,0.0
3024573,520.14404
3024574,95.315926
3024575,0.0
3024576,0.0
3024577,252.15234
3024578,39.103016
3024579,638.6602
3024580,0.0
3024581,0.0
3024582,0.0
3024583,0.0
3024584,0.0
3024585,3670.4197
3024586,0.0
3024587,808.06146
3024588,0.0
3024589,1044.5391
3024590,1215.4432
3024591,487.35013
3024592,102.98358
3024593,213.11472
3024594,3610.2798
3024595,0.0
3024596,0.0
3024597,16.314884
3024598,312.51584
3024599,0.0
3024600,401.8174
3024601,0.0
3024602,0.0
3024603,0.0
3024604,284.55865
3024605,0.0
3024606,238.21237
3024607,490.03064
3024608,0.0
3024609,0.0
3024610,296.9142
3024611,37.127132
3024612,2718.2043
3024613,0.0
3024614,0.0
3024615,0.0
3024616,0.0
3024617,0.0
3024618,2218.5972
3024619,0.0
3024620,355.6438
3024621,0.0
3024622,517.5761
3024623,460.3181
3024624,146.51407
3024625,81.42962
3024626,50.249283
3024627,1453.3369
3024628,0.0
3024629,0.0
3024630,0.0
3024631,0.0
3024632,0.0
3024633,116.329666
3024634,0.0
3024635,0.0
3024636,0.0
3024637,0.0
3024638,0.0
3024639,204.25327
3024640,119.892914
3024641,0.0
3024642,0.0
3024643,138.8462
3024644,11.646352
3024645,796.26447
3024646,0.0
3024647,0.0
3024648,0.0
3024649,0.0
3024650,0.0
3024651,1404.979
3024652,0.0
3024653,263.58792
3024654,0.0
3024655,444.7136
3024656,178.67781
3024657,88.984856
3024658,79.03789
3024659,21.272736
3024660,1291.4569
3024661,0.0
3024662,0.0
3024663,0.0
3024664,0.0
3024665,0.0
3024666,88.6776
3024667,0.0
3024668,0.0
3024669,0.0
3024670,0.0
3024671,0.0
3024672,201.86154
3024673,82.14197
3024674,0.0
3024675,0.0
3024676,179.0586
3024677,9.254636
3024678,279.50415
3024679,0.0
3024680,0.0
3024681,6.057254
3024682,3.149199
3024683,61.424465
3024684,3148.4585
3024685,0.0
3024686,659.0679
3024687,9.019143
3024688,852.0976
3024689,806.33954
3024690,360.96692
3024691,150.79906
3024692,140.72057
3024693,3411.5913
3024694,14.301006
3024695,5.169771
3024696,33.99777
3024697,86.83364
3024698,4.8049
3024699,267.1611
3024700,6.974285
3024701,7.3754063
3024702,6.1842375
3024703,135.64229
3024704,0.0
3024705,199.94461
3024706,335.18622
3024707,11.666204
3024708,6.200679
3024709,330.16214
3024710,58.536465
3024711,1677.3593
3024712,6.310956
3024713,14.040747
3024714,0.0
3024715,0.0
3024716,53.967197
3024717,3213.3296
3024718,0.0
3024719,567.3381
3024720,1.5618745
3024721,1152.8949
3024722,674.3879
3024723,389.27222
3024724,230.71808
3024725,123.61913
3024726,4231.765
3024727,6.8437376
3024728,0.0
3024729,26.540512
3024730,62.182903
3024731,0.0
3024732,301.26733
3024733,0.0
3024734,61.834576
3024735,0.0
3024736,51.367214
3024737,0.0
3024738,168.19388
3024739,346.36838
3024740,4.208939
3024741,0.0
3024742,255.83803
3024743,51.079185
3024744,2810.3516
3024745,0.0
3024746,6.58348
3024747,0.0
3024748,0.0
3024749,0.0
3024750,2747.2546
3024751,0.0
3024752,487.0998
3024753,0.0
3024754,845.9669
3024755,522.25793
3024756,324.73257
3024757,208.8694
3024758,99.491714
3024759,3712.5166
3024760,0.0
3024761,0.0
3024762,51.86773
3024763,63.58411
3024764,0.0
3024765,298.62323
3024766,0.0
3024767,91.76847
3024768,0.0
3024769,85.84909
3024770,0.0
3024771,104.74952
3024772,311.02203
3024773,0.0
3024774,0.0
3024775,162.60039
3024776,25.227512
3024777,2668.0046
3024778,0.0
3024779,0.0
3024780,0.0
3024781,0.0
3024782,62.954704
3024783,7641.863
3024784,0.0
3024785,1178.3163
3024786,2.9641037
3024787,1690.4934
3024788,1963.6368
3024789,367.5062
3024790,363.42462
3024791,274.12634
3024792,7164.3726
3024793,32.367268
3024794,0.0
3024795,43.189117
3024796,46.243095
3024797,0.0
3024798,561.31165
3024799,8.127382
3024800,20.119246
3024801,114.8576
3024802,131.72803
3024803,0.0
3024804,580.0578
3024805,659.3112
3024806,0.0
3024807,0.8752134
3024808,937.6074
3024809,185.44598
3024810,6352.4673
3024811,0.0
3024812,78.23793
3024813,0.0
3024814,0.0
3024815,0.0
3024816,1560.7959
3024817,0.0
3024818,144.97745
3024819,0.0
3024820,554.6039
3024821,233.12082
3024822,151.02563
3024823,122.71422
3024824,6.1385713
3024825,1927.7589
3024826,0.0
3024827,0.0
3024828,0.0
3024829,0.0
3024830,0.0
3024831,152.4992
3024832,0.0
3024833,0.0
3024834,0.0
3024835,3.7883363
3024836,0.0
3024837,76.470764
3024838,146.8551
3024839,0.0
3024840,0.0
3024841,72.38865
3024842,17.405872
3024843,1119.285
3024844,0.0
3024845,0.0
3024846,0.0
3024847,0.0
3024848,0.0
3024849,2485.3726
3024850,0.0
3024851,444.6305
3024852,1.4482315
3024853,1302.298
3024854,559.0228
3024855,338.61948
3024856,246.36975
3024857,129.93506
3024858,4139.7256
3024859,0.08926819
3024860,3.0158849
3024861,26.426853
3024862,92.545265
3024863,0.0
3024864,336.2124
3024865,0.0
3024866,0.0
3024867,93.88229
3024868,115.59446
3024869,0.0
3024870,218.96086
3024871,332.88165
3024872,1.2424624
3024873,0.0
3024874,105.94831
3024875,50.965572
3024876,2280.1775
3024877,0.0
3024878,6.469829
3024879,0.0
3024880,0.0
3024881,0.0
3024882,896.5498
3024883,0.0
3024884,106.18843
3024885,0.0
3024886,521.17126
3024887,114.239815
3024888,132.30165
3024889,14.168298
3024890,0.819645
3024891,1819.941
3024892,0.0
3024893,0.0
3024894,0.0
3024895,0.0
3024896,0.0
3024897,61.84414
3024898,0.0
3024899,0.0
3024900,0.0
3024901,0.0
3024902,0.0
3024903,115.33766
3024904,46.101055
3024905,0.0
3024906,0.0
3024907,59.95663
3024908,4.973856
3024909,148.52745
3024910,0.0
3024911,0.0
3024912,0.0
3024913,0.0
3024914,0.0
3024915,1842.2462
3024916,0.0
3024917,299.3238
3024918,0.0
3024919,951.8334
3024920,369.41733
3024921,258.26117
3024922,181.69438
3024923,73.085594
3024924,2986.7634
3024925,0.0
3024926,0.0
3024927,23.979534
3024928,2.5527735
3024929,0.0
3024930,264.7339
3024931,0.0
3024932,0.0
3024933,0.0
3024934,27.105011
3024935,0.0
3024936,178.15253
3024937,260.20193
3024938,0.0
3024939,0.0
3024940,126.23785
3024941,25.464962
3024942,2031.6174
3024943,0.0
3024944,0.0
3024945,0.0
3024946,0.0
3024947,0.0
3024948,2524.6614
3024949,0.0
3024950,581.65656
3024951,0.0
3024952,837.4491
3024953,520.8235
3024954,275.33243
3024955,186.66473
3024956,85.876526
3024957,3782.1558
3024958,0.0
3024959,0.0
3024960,28.949862
3024961,40.66625
3024962,0.0
3024963,271.135
3024964,0.0
3024965,31.416779
3024966,0.0
3024967,32.075356
3024968,0.0
3024969,165.67134
3024970,294.59604
3024971,0.0
3024972,0.0
3024973,151.32246
3024974,30.435287
3024975,1413.5208
3024976,0.0
3024977,0.41309533
3024978,0.0
3024979,0.0
3024980,0.0
3024981,1506.0675
3024982,0.0
3024983,79.82186
3024984,0.0
3024985,470.32208
3024986,164.655
3024987,86.77465
3024988,127.35633
3024989,27.733055
3024990,1771.9275
3024991,0.0
3024992,0.0
3024993,0.0
3024994,0.0
3024995,0.0
3024996,99.60803
3024997,0.0
3024998,0.0
3024999,0.0
3025000,0.0
3025001,0.0
3025002,154.10153
3025003,85.104576
3025004,0.0
3025005,0.0
3025006,75.673965
3025007,17.343168
3025008,709.6541
3025009,0.0
3025010,0.0
3025011,0.0
3025012,0.0
3025013,0.0
3025014,2804.939
3025015,0.0
3025016,440.65204
3025017,0.0
3025018,917.9231
3025019,526.37036
3025020,247.89697
3025021,168.32283
3025022,92.736885
3025023,3626.869
3025024,0.0
3025025,0.0
3025026,10.845349
3025027,0.0
3025028,0.0
3025029,287.51224
3025030,0.0
3025031,52.315006
3025032,0.0
3025033,22.550577
3025034,0.0
3025035,160.10123
3025036,267.3534
3025037,0.0
3025038,0.0
3025039,102.00671
3025040,24.422712
3025041,3020.1208
3025042,0.0
3025043,0.0
3025044,0.10865913
3025045,0.0
3025046,0.0
3025047,3035.2744
3025048,0.0
3025049,550.7159
3025050,0.0
3025051,935.08374
3025052,847.65564
3025053,208.17032
3025054,123.833176
3025055,123.629105
3025056,3538.7927
3025057,9.359755
3025058,0.0
3025059,28.049156
3025060,92.34064
3025061,0.0
3025062,310.39423
3025063,1.0256923
3025064,1.4268101
3025065,0.23564516
3025066,115.02405
3025067,0.0
3025068,166.86342
3025069,301.4002
3025070,0.0
3025071,0.25208655
3025072,139.58722
3025073,73.88106
3025074,2364.446
3025075,0.0
3025076,2.4315748
3025077,0.0
3025078,0.0
3025079,0.0
3025080,2468.1077
3025081,0.0
3025082,466.2931
3025083,0.0
3025084,940.01184
3025085,656.0549
3025086,143.57751
3025087,96.00073
3025088,67.210976
3025089,3320.9707
3025090,0.0
3025091,0.0
3025092,17.79631
3025093,24.617191
3025094,0.0
3025095,278.63416
3025096,0.0
3025097,0.0
3025098,0.0
3025099,72.377426
3025100,0.0
3025101,139.03107
3025102,294.05914
3025103,0.0
3025104,0.0
3025105,111.75476
3025106,46.957764
3025107,1681.0504
3025108,0.0
3025109,0.0
3025110,0.0
3025111,0.0
3025112,29.371052
3025113,3297.3281
3025114,0.0
3025115,617.0646
3025116,0.0
3025117,1360.6864
3025118,564.49475
3025119,245.13771
3025120,295.2204
3025121,79.74211
3025122,4881.8896
3025123,1.3129133
3025124,0.0
3025125,34.618347
3025126,0.0
3025127,0.0
3025128,331.53012
3025129,0.0
3025130,37.498463
3025131,0.0
3025132,74.26904
3025133,0.0
3025134,337.92438
3025135,327.18906
3025136,0.0
3025137,0.0
3025138,180.35938
3025139,49.471375
3025140,2841.8208
3025141,62.586735
3025142,0.0
3025143,0.0
3025144,0.0
3025145,0.0
3025146,2195.7744
3025147,0.0
3025148,305.42706
3025149,0.0
3025150,710.0932
3025151,500.8611
3025152,103.57448
3025153,163.13461
3025154,74.58338
3025155,2830.629
3025156,0.0
3025157,0.0
3025158,0.0
3025159,0.0
3025160,0.0
3025161,210.85449
3025162,0.0
3025163,0.0
3025164,0.0
3025165,3.4981267
3025166,0.0
3025167,281.9943
3025168,175.09001
3025169,0.0
3025170,0.0
3025171,355.10382
3025172,51.6181
3025173,1811.8644
3025174,0.0
3025175,0.0
3025176,0.0
3025177,0.0
3025178,30.297691
3025179,4337.124
3025180,0.0
3025181,469.08292
3025182,0.0
3025183,1587.1249
3025184,531.6013
3025185,301.55478
3025186,174.80035
3025187,72.664764
3025188,5929.608
3025189,0.0
3025190,0.0
3025191,27.540987
3025192,83.702934
3025193,0.0
3025194,370.34375
3025195,0.0
3025196,0.0
3025197,0.0
3025198,22.55778
3025199,0.0
3025200,147.77736
3025201,394.916
3025202,0.0
3025203,0.0
3025204,125.313576
3025205,39.67453
3025206,2541.1333
3025207,0.0
3025208,0.0
3025209,0.0
3025210,0.0
3025211,0.0
3025212,2519.2188
3025213,0.0
3025214,514.3479
3025215,0.0
3025216,932.7598
3025217,515.648
3025218,196.60199
3025219,109.82314
3025220,89.71842
3025221,3037.098
3025222,0.0
3025223,0.0
3025224,7.548638
3025225,4.735341
3025226,0.0
3025227,238.26822
3025228,0.0
3025229,0.0
3025230,0.0
3025231,55.659657
3025232,0.0
3025233,171.88116
3025234,268.88538
3025235,0.0
3025236,0.0
3025237,120.84624
3025238,35.207268
3025239,1496.2379
3025240,0.0
3025241,11.995203
3025242,0.0
3025243,0.0
3025244,71.87311
3025245,2687.574
3025246,0.0
3025247,558.17664
3025248,0.0
3025249,803.86755
3025250,675.46075
3025251,233.4617
3025252,106.144745
3025253,122.03355
3025254,2655.7153
3025255,3.8861747
3025256,0.0
3025257,3.8702207
3025258,73.57836
3025259,0.0
3025260,320.8406
3025261,0.0
3025262,0.0
3025263,0.0
3025264,112.20571
3025265,0.0
3025266,149.74844
3025267,306.34402
3025268,0.0
3025269,0.0
3025270,105.36457
3025271,44.73064
3025272,2193.8672
3025273,0.0
3025274,0.0
3025275,0.0
3025276,0.0
3025277,0.0
3025278,4003.0557
3025279,0.0
3025280,422.86227
3025281,0.0
3025282,1057.5416
3025283,525.8703
3025284,219.3766
3025285,136.61206
3025286,33.791313
3025287,3667.826
3025288,0.0
3025289,0.0
3025290,0.0
3025291,0.0
3025292,0.0
3025293,169.27791
3025294,0.0
3025295,0.0
3025296,0.0
3025297,40.353798
3025298,0.0
3025299,116.31028
3025300,219.06213
3025301,0.0
3025302,0.0
3025303,101.08682
3025304,28.322252
3025305,1696.213
3025306,0.0
3025307,0.0
3025308,0.0
3025309,0.0
3025310,0.0
3025311,8360.646
3025312,0.0
3025313,1440.8026
3025314,0.0
3025315,2183.8442
3025316,1942.7306
3025317,493.35632
3025318,421.97433
3025319,298.8354
3025320,7999.5796
3025321,4.4055095
3025322,0.0
3025323,23.206139
3025324,154.63583
3025325,0.0
3025326,559.9438
3025327,138.8225
3025328,0.0
3025329,159.31108
3025330,260.31818
3025331,0.0
3025332,670.5548
3025333,616.3513
3025334,0.0
3025335,0.0
3025336,969.0188
3025337,249.89891
3025338,7307.6133
3025339,306.74353
3025340,37.56994
3025341,0.0
3025342,0.0
3025343,0.0
3025344,7533.321
3025345,0.0
3025346,1215.2014
3025347,0.0
3025348,2227.2393
3025349,1561.8788
3025350,484.06976
3025351,259.14603
3025352,282.37622
3025353,8883.488
3025354,0.0
3025355,0.0
3025356,3.3916564
3025357,90.26473
3025358,0.0
3025359,569.8831
3025360,147.02289
3025361,0.0
3025362,240.75594
3025363,118.66665
3025364,0.0
3025365,792.1016
3025366,676.6172
3025367,0.0
3025368,0.0
3025369,989.1236
3025370,208.54886
3025371,5312.268
3025372,321.67047
3025373,22.718124
3025374,0.0
3025375,0.0
3025376,0.0
3025377,4810.9893
3025378,0.0
3025379,849.6768
3025380,0.0
3025381,1922.0474
3025382,1014.7063
3025383,553.3736
3025384,142.32912
3025385,155.07472
3025386,7786.0156
3025387,0.0
3025388,0.0
3025389,0.0
3025390,0.0
3025391,0.0
3025392,399.83643
3025393,0.0
3025394,0.0
3025395,7.9528847
3025396,0.0
3025397,0.0
3025398,859.11304
3025399,527.4786
3025400,0.0
3025401,0.0
3025402,749.8907
3025403,84.76923
3025404,1830.0786
3025405,108.41252
3025406,0.0
3025407,0.0
3025408,0.0
3025409,0.0
3025410,7145.848
3025411,0.0
3025412,1164.3206
3025413,0.0
3025414,2138.6782
3025415,1577.3174
3025416,498.37198
3025417,206.81279
3025418,173.21397
3025419,8428.798
3025420,0.0
3025421,0.0
3025422,90.608406
3025423,120.10971
3025424,0.0
3025425,573.35803
3025426,200.29164
3025427,0.0
3025428,259.386
3025429,199.56422
3025430,0.0
3025431,614.0007
3025432,795.81946
3025433,0.0
3025434,0.0
3025435,849.594
3025436,149.22908
3025437,4391.6636
3025438,397.73972
3025439,7.855156
3025440,0.0
3025441,0.0
3025442,0.0
3025443,3530.1538
3025444,0.0
3025445,712.66986
3025446,0.0
3025447,1640.7719
3025448,550.9446
3025449,417.06387
3025450,106.767685
3025451,100.2613
3025452,6189.5107
3025453,0.0
3025454,0.0
3025455,0.0
3025456,0.0
3025457,0.0
3025458,416.10745
3025459,0.0
3025460,0.0
3025461,38.3992
3025462,0.0
3025463,0.0
3025464,645.499
3025465,474.84586
3025466,0.0
3025467,0.0
3025468,665.05426
3025469,67.87816
3025470,1203.4952
3025471,180.10927
3025472,0.0
3025473,0.0
3025474,0.0
3025475,25.640299
3025476,6594.7476
3025477,0.0
3025478,1322.9017
3025479,0.0
3025480,1804.3448
3025481,1829.1157
3025482,338.3727
3025483,292.3216
3025484,201.0059
3025485,6775.531
3025486,10.75819
3025487,0.0
3025488,11.021786
3025489,173.01677
3025490,0.0
3025491,434.0239
3025492,230.89784
3025493,0.0
3025494,299.17496
3025495,184.40419
3025496,0.0
3025497,531.95056
3025498,594.4351
3025499,0.0
3025500,0.0
3025501,702.03503
3025502,190.66695
3025503,6405.8276
3025504,416.95166
3025505,35.647045
3025506,0.0
3025507,0.0
3025508,0.0
3025509,1790.5746
3025510,0.0
3025511,327.38556
3025512,0.0
3025513,755.4236
3025514,332.2789
3025515,149.87729
3025516,124.63158
3025517,76.13622
3025518,2410.7488
3025519,0.0
3025520,0.0
3025521,0.0
3025522,0.0
3025523,0.0
3025524,201.71333
3025525,0.0
3025526,0.0
3025527,0.0
3025528,0.48294744
3025529,0.0
3025530,256.40216
3025531,197.09375
3025532,0.0
3025533,0.0
3025534,202.46466
3025535,45.316025
3025536,1114.007
3025537,0.0
3025538,0.0
3025539,0.0
3025540,0.0
3025541,0.0
3025542,3866.332
3025543,0.0
3025544,596.33624
3025545,0.0
3025546,1435.2339
3025547,547.0095
3025548,340.38037
3025549,102.83511
3025550,132.09059
3025551,5642.561
3025552,0.0
3025553,0.0
3025554,39.028442
3025555,30.29189
3025556,0.0
3025557,347.34866
3025558,15.517292
3025559,0.0
3025560,0.0
3025561,61.934658
3025562,0.0
3025563,483.50812
3025564,414.34216
3025565,0.0
3025566,0.0
3025567,370.01562
3025568,51.717735
3025569,1638.2947
3025570,30.425434
3025571,0.0
3025572,0.0
3025573,0.0
3025574,0.0
3025575,4357.227
3025576,0.0
3025577,816.4044
3025578,0.0
3025579,1402.0392
3025580,1106.6768
3025581,214.47586
3025582,213.65675
3025583,164.42079
3025584,4805.2314
3025585,0.0
3025586,0.0
3025587,10.90179
3025588,58.53716
3025589,0.0
3025590,290.21054
3025591,0.0
3025592,0.0
3025593,0.0
3025594,84.01732
3025595,0.0
3025596,507.73953
3025597,307.5287
3025598,0.0
3025599,0.0
3025600,672.1725
3025601,79.01249
3025602,4244.8086
3025603,0.0
3025604,0.3174432
3025605,0.0
3025606,0.0
3025607,42.15799
3025608,4154.456
3025609,0.0
3025610,731.3774
3025611,0.0
3025612,1000.38434
3025613,414.95953
3025614,326.2644
3025615,49.76267
3025616,174.0663
3025617,5408.035
3025618,0.0
3025619,0.0
3025620,37.626247
3025621,88.808205
3025622,0.0
3025623,236.51985
3025624,0.0
3025625,30.114613
3025626,0.0
3025627,148.9187
3025628,0.0
3025629,139.45573
3025630,379.81262
3025631,0.0
3025632,0.0
3025633,88.19124
3025634,53.649456
3025635,3292.2874
3025636,0.0
3025637,27.041939
3025638,0.0
3025639,0.0
3025640,0.0
3025641,2406.7021
3025642,0.0
3025643,445.25204
3025644,0.0
3025645,983.5222
3025646,235.96045
3025647,206.70924
3025648,47.468784
3025649,93.15708
3025650,3242.5674
3025651,0.0
3025652,0.0
3025653,0.0
3025654,15.258919
3025655,0.0
3025656,219.6302
3025657,0.0
3025658,0.0
3025659,0.0
3025660,33.950417
3025661,0.0
3025662,188.35193
3025663,224.6505
3025664,0.0
3025665,0.0
3025666,85.897316
3025667,51.35554
3025668,1112.6633
3025669,0.0
3025670,0.0
3025671,0.0
3025672,0.0
3025673,0.0
3025674,2833.0737
3025675,0.0
3025676,201.62875
3025677,0.0
3025678,1161.6339
3025679,201.96872
3025680,156.1885
3025681,57.75951
3025682,20.996815
3025683,3238.5708
3025684,0.0
3025685,0.0
3025686,0.0
3025687,0.0
3025688,0.0
3025689,187.461
3025690,0.0
3025691,0.0
3025692,0.0
3025693,0.0
3025694,0.0
3025695,24.59848
3025696,196.47351
3025697,0.0
3025698,0.0
3025699,31.135721
3025700,37.878586
3025701,590.5049
3025702,0.0
3025703,0.0
3025704,0.0
3025705,0.0
3025706,0.14318475
3025707,3538.198
3025708,0.0
3025709,531.8128
3025710,0.0
3025711,952.5448
3025712,772.76715
3025713,298.60574
3025714,144.98018
3025715,96.484695
3025716,4151.7617
3025717,0.0
3025718,0.0
3025719,0.0
3025720,24.399593
3025721,0.0
3025722,277.27777
3025723,0.0
3025724,0.0
3025725,40.44246
3025726,79.22598
3025727,0.0
3025728,356.52267
3025729,274.98688
3025730,0.0
3025731,0.0
3025732,480.96744
3025733,65.664444
3025734,2023.4475
3025735,0.0
3025736,39.692642
3025737,0.0
3025738,0.0
3025739,0.0
3025740,4149.549
3025741,0.0
3025742,708.83276
3025743,0.0
3025744,1004.25323
3025745,1196.9846
3025746,228.02711
3025747,242.3347
3025748,187.10643
3025749,4160.2627
3025750,12.333939
3025751,0.0
3025752,26.459906
3025753,57.705776
3025754,0.0
3025755,288.55856
3025756,2.3826847
3025757,0.0
3025758,68.93459
3025759,107.35525
3025760,0.0
3025761,405.20288
3025762,297.61984
3025763,0.0
3025764,0.0
3025765,511.77933
3025766,122.20199
3025767,4558.368
3025768,0.0
3025769,64.81586
3025770,0.0
3025771,0.0
3025772,0.0
3025773,2366.8115
3025774,0.0
3025775,618.7239
3025776,0.0
3025777,688.76715
3025778,1118.5741
3025779,183.05972
3025780,224.09612
3025781,77.469536
3025782,3231.0593
3025783,0.0
3025784,0.0
3025785,12.562174
3025786,0.0
3025787,0.0
3025788,197.3369
3025789,0.0
3025790,0.0
3025791,0.0
3025792,38.650314
3025793,0.0
3025794,373.5956
3025795,196.52821
3025796,0.0
3025797,0.0
3025798,473.7867
3025799,118.246704
3025800,3524.4302
3025801,0.0
3025802,0.0
3025803,0.0
3025804,0.0
3025805,0.0
3025806,3000.84
3025807,0.0
3025808,491.5627
3025809,0.0
3025810,1279.767
3025811,554.0093
3025812,534.1361
3025813,125.40633
3025814,25.615181
3025815,5511.758
3025816,0.0
3025817,0.0
3025818,10.878146
3025819,40.926365
3025820,0.0
3025821,401.44708
3025822,0.0
3025823,0.0
3025824,42.657383
3025825,49.334198
3025826,0.0
3025827,284.25568
3025828,403.8511
3025829,0.0
3025830,0.0
3025831,363.89557
3025832,34.84272
3025833,2149.655
3025834,92.09571
3025835,0.0
3025836,0.0
3025837,0.0
3025838,0.0
3025839,2099.442
3025840,0.0
3025841,389.8018
3025842,0.0
3025843,666.459
3025844,608.3939
3025845,174.5113
3025846,139.76973
3025847,140.31512
3025848,2923.9395
3025849,0.0
3025850,0.0
3025851,0.0
3025852,20.729504
3025853,0.0
3025854,210.44635
3025855,0.0
3025856,10.377128
3025857,0.0
3025858,53.354412
3025859,0.0
3025860,267.6505
3025861,196.21355
3025862,0.0
3025863,7.3534718
3025864,274.95648
3025865,68.18386
3025866,3834.9907
3025867,0.0
3025868,38.282692
3025869,0.0
3025870,0.0
3025871,0.0
3025872,2035.8905
3025873,0.0
3025874,142.14615
3025875,0.0
3025876,734.89526
3025877,57.92359
3025878,233.86911
3025879,0.0
3025880,0.0
3025881,3196.0168
3025882,0.0
3025883,0.0
3025884,0.0
3025885,0.0
3025886,0.0
3025887,33.349915
3025888,0.0
3025889,0.0
3025890,0.0
3025891,0.0
3025892,0.0
3025893,193.1828
3025894,0.0
3025895,0.0
3025896,0.0
3025897,49.32948
3025898,0.0
3025899,0.0
3025900,0.0
3025901,0.0
3025902,0.0
3025903,0.0
3025904,42.08723
3025905,3801.465
3025906,0.0
3025907,513.0796
3025908,0.0
3025909,1437.5996
3025910,386.977
3025911,507.91742
3025912,142.72588
3025913,93.233894
3025914,5937.7915
3025915,0.0
3025916,0.0
3025917,54.768753
3025918,58.865498
3025919,0.0
3025920,446.77567
3025921,12.626814
3025922,0.0
3025923,0.0
3025924,83.69777
3025925,0.0
3025926,506.9265
3025927,464.51767
3025928,0.0
3025929,0.0
3025930,359.06888
3025931,16.394884
3025932,790.463
3025933,190.95586
3025934,0.0
3025935,0.0
3025936,0.0
3025937,0.0
3025938,1228.2456
3025939,0.0
3025940,99.92292
3025941,0.0
3025942,708.2578
3025943,176.48656
3025944,229.73598
3025945,80.90222
3025946,12.140259
3025947,2536.7202
3025948,0.0
3025949,0.0
3025950,0.0
3025951,0.0
3025952,0.0
3025953,216.84572
3025954,0.0
3025955,0.0
3025956,0.0
3025957,0.0
3025958,0.0
3025959,120.008804
3025960,195.15184
3025961,0.0
3025962,0.0
3025963,115.69419
3025964,25.761856
3025965,0.0
3025966,0.0
3025967,0.0
3025968,0.0
3025969,0.0
3025970,0.0
3025971,1034.6836
3025972,0.0
3025973,91.79257
3025974,0.0
3025975,717.0314
3025976,143.06218
3025977,213.10385
3025978,60.79429
3025979,35.19558
3025980,2553.3335
3025981,0.0
3025982,0.0
3025983,0.0
3025984,0.0
3025985,0.0
3025986,188.1615
3025987,0.0
3025988,0.0
3025989,0.0
3025990,0.0
3025991,0.0
3025992,118.37784
3025993,171.63358
3025994,0.0
3025995,0.0
3025996,76.012505
3025997,24.130898
3025998,0.0
3025999,0.0
3026000,0.0
3026001,0.0
3026002,0.0
3026003,5.746076
3026004,1124.7379
3026005,0.0
3026006,104.76192
3026007,0.0
3026008,1049.0027
3026009,230.93823
3026010,263.46463
3026011,72.81909
3026012,15.574348
3026013,2630.1567
3026014,0.0
3026015,0.0
3026016,0.0
3026017,0.0
3026018,0.0
3026019,232.1667
3026020,0.0
3026021,0.0
3026022,0.0
3026023,0.0
3026024,0.0
3026025,185.42195
3026026,265.09335
3026027,0.0
3026028,0.0
3026029,89.90188
3026030,32.72243
3026031,20.881546
3026032,0.0
3026033,0.0
3026034,0.0
3026035,0.0
3026036,0.0
3026037,1455.4625
3026038,0.0
3026039,100.900764
3026040,0.0
3026041,764.28064
3026042,248.06749
3026043,292.03082
3026044,75.45018
3026045,47.30992
3026046,2699.8403
3026047,0.0
3026048,0.0
3026049,0.0
3026050,0.21693912
3026051,0.0
3026052,248.14441
3026053,0.0
3026054,0.0
3026055,0.0
3026056,22.40066
3026057,0.0
3026058,101.891304
3026059,218.6324
3026060,0.0
3026061,0.0
3026062,92.53298
3026063,69.21931
3026064,236.65645
3026065,0.0
3026066,0.0
3026067,0.0
3026068,0.0
3026069,0.0
3026070,1611.5908
3026071,0.0
3026072,68.18747
3026073,0.0
3026074,873.87994
3026075,56.807945
3026076,86.528046
3026077,195.15747
3026078,0.0
3026079,2509.4875
3026080,12.180517
3026081,0.0
3026082,0.0
3026083,0.0
3026084,0.0
3026085,83.02577
3026086,0.0
3026087,0.0
3026088,0.0
3026089,0.0
3026090,9.815772
3026091,110.37737
3026092,0.0
3026093,0.0
3026094,0.0
3026095,140.678
3026096,15.101857
3026097,485.23553
3026098,0.0
3026099,0.0
3026100,0.0
3026101,0.0
3026102,0.0
3026103,2746.6057
3026104,0.0
3026105,284.2187
3026106,0.0
3026107,1042.8533
3026108,482.99713
3026109,481.85947
3026110,198.2822
3026111,26.150053
3026112,4412.891
3026113,0.0
3026114,0.0
3026115,64.73708
3026116,72.803474
3026117,0.0
3026118,353.13766
3026119,0.0
3026120,0.0
3026121,48.069675
3026122,7.3379297
3026123,0.0
3026124,155.35185
3026125,327.00543
3026126,0.0
3026127,0.0
3026128,197.9583
3026129,27.567019
3026130,629.14264
3026131,132.93146
3026132,0.0
3026133,0.0
3026134,0.0
3026135,5.80915
3026136,1955.2848
3026137,0.0
3026138,381.26117
3026139,0.0
3026140,560.3304
3026141,325.92834
3026142,193.81294
3026143,144.3417
3026144,8.229209
3026145,2407.0232
3026146,0.0
3026147,0.0
3026148,10.796606
3026149,36.732143
3026150,0.0
3026151,186.40573
3026152,0.0
3026153,0.0
3026154,0.0
3026155,0.0
3026156,0.0
3026157,88.354546
3026158,203.33942
3026159,0.0
3026160,0.0
3026161,176.59634
3026162,18.61816
3026163,805.03253
3026164,23.396898
3026165,0.0
3026166,0.0
3026167,0.0
3026168,10.310541
3026169,2215.3494
3026170,0.0
3026171,248.48122
3026172,0.0
3026173,935.4626
3026174,171.80623
3026175,292.27475
3026176,108.39082
3026177,71.240654
3026178,3263.0232
3026179,0.0
3026180,0.0
3026181,0.0
3026182,0.0
3026183,0.0
3026184,182.10977
3026185,0.0
3026186,0.0
3026187,0.0
3026188,1.5364594
3026189,0.0
3026190,93.44586
3026191,191.76208
3026192,0.0
3026193,0.0
3026194,97.418396
3026195,23.70948
3026196,106.107414
3026197,10.69285
3026198,0.0
3026199,0.0
3026200,0.0
3026201,0.0
3026202,2493.2202
3026203,0.0
3026204,560.86255
3026205,0.0
3026206,731.83954
3026207,706.1216
3026208,205.87576
3026209,142.30312
3026210,150.26216
3026211,3594.749
3026212,0.0
3026213,0.0
3026214,0.0
3026215,11.250039
3026216,0.0
3026217,274.1251
3026218,0.0
3026219,6.1737914
3026220,0.0
3026221,58.735447
3026222,0.0
3026223,383.19147
3026224,276.02463
3026225,0.0
3026226,0.0
3026227,419.84024
3026228,77.0195
3026229,3253.6357
3026230,0.0
3026231,48.229748
3026232,0.0
3026233,0.0
3026234,50.553722
3026235,3107.4312
3026236,0.0
3026237,309.96082
3026238,0.0
3026239,1216.1251
3026240,449.85834
3026241,494.46545
3026242,138.32597
3026243,28.56359
3026244,4554.4014
3026245,0.0
3026246,0.0
3026247,55.54122
3026248,63.6076
3026249,0.0
3026250,327.15915
3026251,0.0
3026252,0.0
3026253,38.873806
3026254,85.19356
3026255,0.0
3026256,137.25883
3026257,317.16714
3026258,0.0
3026259,0.0
3026260,118.84777
3026261,45.138874
3026262,292.19702
3026263,165.5657
3026264,0.0
3026265,0.0
3026266,0.0
3026267,0.0
3026268,2611.653
3026269,0.0
3026270,339.531
3026271,0.0
3026272,1021.2321
3026273,308.1693
3026274,350.5834
3026275,169.80309
3026276,111.25449
3026277,3809.047
3026278,1.4395275
3026279,0.0
3026280,49.146763
3026281,57.213173
3026282,0.0
3026283,317.3766
3026284,0.0
3026285,0.0
3026286,0.0
3026287,114.65573
3026288,0.0
3026289,100.60194
3026290,305.22842
3026291,0.0
3026292,0.0
3026293,112.52011
3026294,41.619743
3026295,447.64404
3026296,0.0
3026297,0.0
3026298,0.0
3026299,0.0
3026300,0.0
3026301,1268.1516
3026302,0.0
3026303,123.26159
3026304,0.0
3026305,502.87732
3026306,0.0
3026307,111.947586
3026308,69.42611
3026309,40.582466
3026310,2246.1638
3026311,0.0
3026312,0.0
3026313,0.0
3026314,0.0
3026315,0.0
3026316,133.10414
3026317,0.0
3026318,0.0
3026319,0.0
3026320,3.4448652
3026321,0.0
3026322,79.0948
3026323,94.12214
3026324,0.0
3026325,0.0
3026326,91.01297
3026327,20.112572
3026328,93.97659
3026329,0.0
3026330,0.0
3026331,0.0
3026332,0.0
3026333,0.0
3026334,1695.2825
3026335,0.0
3026336,209.76654
3026337,0.0
3026338,582.3848
3026339,444.886
3026340,100.269264
3026341,72.82862
3026342,52.05948
3026343,2181.3447
3026344,6.5329814
3026345,0.0
3026346,17.948061
3026347,2.0683355
3026348,0.0
3026349,138.01778
3026350,0.0
3026351,0.0
3026352,0.0
3026353,23.654285
3026354,0.0
3026355,524.5463
3026356,92.26541
3026357,0.0
3026358,0.0
3026359,255.44136
3026360,46.713192
3026361,1375.7166
3026362,0.0
3026363,0.0
3026364,0.0
3026365,0.0
3026366,0.0
3026367,3642.4153
3026368,0.0
3026369,782.576
3026370,0.0
3026371,989.1424
3026372,1219.9308
3026373,473.35364
3026374,105.517715
3026375,238.33043
3026376,4355.6055
3026377,0.0
3026378,0.0
3026379,166.65259
3026380,305.2952
3026381,0.0
3026382,276.7417
3026383,0.0
3026384,287.39935
3026385,0.0
3026386,27.309189
3026387,0.0
3026388,242.61458
3026389,533.39496
3026390,0.0
3026391,0.0
3026392,300.20322
3026393,44.737293
3026394,5802.0293
3026395,0.0
3026396,0.0
3026397,0.0
3026398,0.0
3026399,0.0
3026400,2177.1406
3026401,0.0
3026402,333.34314
3026403,0.0
3026404,496.0022
3026405,461.58215
3026406,92.179504
3026407,80.38842
3026408,33.159996
3026409,2110.213
3026410,0.0
3026411,0.0
3026412,0.0
3026413,0.0
3026414,0.0
3026415,121.889755
3026416,0.0
3026417,3.4991665
3026418,0.0
3026419,0.0
3026420,0.0
3026421,205.08023
3026422,90.03655
3026423,0.0
3026424,0.0
3026425,138.56009
3026426,15.681265
3026427,2325.7495
3026428,0.0
3026429,0.0
3026430,0.0
3026431,0.0
3026432,0.0
3026433,1246.2164
3026434,0.0
3026435,229.11925
3026436,0.0
3026437,270.77347
3026438,189.98024
3026439,35.98873
3026440,74.22372
3026441,43.661385
3026442,1129.1521
3026443,0.0
3026444,0.0
3026445,0.0
3026446,0.0
3026447,0.0
3026448,75.33537
3026449,0.0
3026450,0.0
3026451,0.0
3026452,6.55227
3026453,0.0
3026454,198.91556
3026455,18.132616
3026456,0.0
3026457,0.0
3026458,132.01189
3026459,9.5165615
3026460,972.9318
3026461,0.0
3026462,0.0
3026463,0.16356097
3026464,0.0
3026465,60.3616
3026466,2951.9292
3026467,0.0
3026468,593.21454
3026469,3.1254535
3026470,758.8141
3026471,827.3676
3026472,307.05215
3026473,143.03717
3026474,155.64037
3026475,3646.6248
3026476,8.407315
3026477,0.0
3026478,80.110855
3026479,72.28322
3026480,0.0
3026481,222.52963
3026482,1.0805922
3026483,92.81399
3026484,0.29054537
3026485,121.740845
3026486,0.0
3026487,194.05092
3026488,271.19647
3026489,5.7725124
3026490,0.30698654
3026491,223.37733
3026492,55.850704
3026493,4071.4377
3026494,0.41726422
3026495,76.54393
3026496,0.0
3026497,0.0
3026498,51.561157
3026499,2968.875
3026500,0.0
3026501,503.20325
3026502,0.0
3026503,925.5261
3026504,646.1831
3026505,335.14093
3026506,237.09296
3026507,137.19572
3026508,3959.4065
3026509,0.0
3026510,0.0
3026511,71.3104
3026512,59.776897
3026513,0.0
3026514,251.77606
3026515,0.0
3026516,0.0
3026517,0.0
3026518,128.58876
3026519,0.0
3026520,160.95699
3026521,300.57355
3026522,0.0
3026523,0.0
3026524,169.10115
3026525,47.05024
3026526,925.69104
3026527,0.0
3026528,0.0
3026529,0.0
3026530,0.0
3026531,0.0
3026532,2599.8755
3026533,0.0
3026534,429.74008
3026535,0.0
3026536,634.7617
3026537,561.65356
3026538,276.25003
3026539,222.01958
3026540,119.84361
3026541,3450.7485
3026542,0.0
3026543,0.0
3026544,56.237072
3026545,72.506905
3026546,0.0
3026547,254.7805
3026548,0.0
3026549,0.0
3026550,0.0
3026551,84.80905
3026552,0.0
3026553,104.28798
3026554,287.01752
3026555,0.0
3026556,0.0
3026557,78.6357
3026558,27.97392
3026559,537.137
3026560,0.0
3026561,0.0
3026562,3.5762997
3026563,0.0
3026564,76.314095
3026565,7577.3345
3026566,0.0
3026567,1185.7905
3026568,11.4925995
3026569,1705.2396
3026570,1903.8682
3026571,475.07465
3026572,370.08487
3026573,296.3305
3026574,7390.6333
3026575,40.895756
3026576,0.0
3026577,51.717606
3026578,74.64742
3026579,0.0
3026580,350.99576
3026581,16.65587
3026582,248.4402
3026583,156.70424
3026584,156.59895
3026585,0.0
3026586,588.58624
3026587,576.5656
3026588,0.0
3026589,9.403711
3026590,953.205
3026591,197.1824
3026592,10209.181
3026593,0.0
3026594,91.59732
3026595,0.0
3026596,0.0
3026597,0.0
3026598,1595.6323
3026599,0.0
3026600,157.09508
3026601,0.0
3026602,529.5042
3026603,215.59763
3026604,136.43251
3026605,135.86446
3026606,18.445795
3026607,2299.593
3026608,0.0
3026609,0.0
3026610,0.0
3026611,0.0
3026612,0.0
3026613,125.829834
3026614,0.0
3026615,0.0
3026616,0.0
3026617,12.7179985
3026618,0.0
3026619,76.009224
3026620,151.85097
3026621,0.0
3026622,0.0
3026623,70.81402
3026624,20.15227
3026625,11.341735
3026626,0.0
3026627,0.0
3026628,0.0
3026629,0.0
3026630,0.0
3026631,2565.66
3026632,0.0
3026633,416.893
3026634,0.98668915
3026635,1151.3336
3026636,572.17896
3026637,320.15564
3026638,259.51978
3026639,150.28705
3026640,4173.454
3026641,0.0
3026642,2.5543475
3026643,85.198235
3026644,101.67953
3026645,0.0
3026646,321.99194
3026647,0.0
3026648,0.0
3026649,0.0
3026650,129.35513
3026651,0.0
3026652,218.49936
3026653,346.16437
3026654,0.780924
3026655,0.0
3026656,104.37368
3026657,53.711983
3026658,546.5236
3026659,0.0
3026660,81.63126
3026661,0.0
3026662,0.0
3026663,0.0
3026664,891.4014
3026665,0.0
3026666,74.56328
3026667,0.0
3026668,495.0307
3026669,22.034906
3026670,30.35332
3026671,24.711645
3026672,0.0
3026673,1989.1167
3026674,0.0
3026675,0.0
3026676,0.0
3026677,0.0
3026678,0.0
3026679,52.41477
3026680,0.0
3026681,0.0
3026682,0.0
3026683,0.0
3026684,0.0
3026685,112.26926
3026686,44.359173
3026687,0.0
3026688,0.0
3026689,55.775143
3026690,5.1133976
3026691,0.0
3026692,0.0
3026693,0.0
3026694,0.0
3026695,0.0
3026696,0.0
3026697,1830.1819
3026698,0.0
3026699,251.16998
3026700,0.0
3026701,837.0883
3026702,360.5474
3026703,218.69516
3026704,192.23778
3026705,90.83063
3026706,3065.5684
3026707,0.0
3026708,0.0
3026709,25.741993
3026710,0.0
3026711,0.0
3026712,247.9066
3026713,0.0
3026714,0.0
3026715,0.0
3026716,69.89866
3026717,0.0
3026718,175.08415
3026719,260.95935
3026720,0.0
3026721,0.0
3026722,164.04092
3026723,25.604486
3026724,421.99902
3026725,0.0
3026726,0.0
3026727,0.0
3026728,0.0
3026729,0.0
3026730,2656.0112
3026731,0.0
3026732,549.85004
3026733,0.0
3026734,719.64264
3026735,413.4465
3026736,254.26169
3026737,197.20813
3026738,103.62156
3026739,3752.3237
3026740,0.0
3026741,0.0
3026742,39.469948
3026743,42.42871
3026744,0.0
3026745,254.70418
3026746,0.0
3026747,0.0
3026748,0.0
3026749,38.398163
3026750,0.0
3026751,162.60297
3026752,298.5117
3026753,0.0
3026754,0.0
3026755,107.349945
3026756,30.57482
3026757,195.72998
3026758,0.0
3026759,0.0
3026760,0.0
3026761,0.0
3026762,0.0
3026763,1270.3135
3026764,0.0
3026765,71.356514
3026766,0.0
3026767,464.05624
3026768,0.0
3026769,127.48666
3026770,137.89977
3026771,17.951794
3026772,2164.9016
3026773,0.0
3026774,0.0
3026775,0.0
3026776,0.0
3026777,0.0
3026778,80.383064
3026779,0.0
3026780,0.0
3026781,0.0
3026782,15.560762
3026783,0.0
3026784,151.03313
3026785,87.38527
3026786,0.0
3026787,0.0
3026788,71.49247
3026789,17.482697
3026790,0.0
3026791,0.0
3026792,0.0
3026793,45.29794
3026794,0.0
3026795,25.861671
3026796,3945.2874
3026797,0.0
3026798,323.9016
3026799,60.4817
3026800,1124.0115
3026801,412.7969
3026802,175.54852
3026803,287.38013
3026804,121.647736
3026805,5184.69
3026806,48.229836
3026807,0.0
3026808,47.26765
3026809,98.21454
3026810,0.0
3026811,188.10953
3026812,0.0
3026813,40.18302
3026814,84.08255
3026815,141.44818
3026816,91.67856
3026817,391.27002
3026818,177.47937
3026819,19.084692
3026820,82.85875
3026821,231.49966
3026822,142.72223
3026823,1995.3202
3026824,0.0
3026825,0.0
3026826,0.0
3026827,0.0
3026828,51.521145
3026829,2770.0962
3026830,0.0
3026831,528.15924
3026832,0.0
3026833,882.77057
3026834,879.9984
3026835,186.70311
3026836,118.89665
3026837,141.37424
3026838,3899.8252
3026839,6.291346
3026840,0.0
3026841,24.980745
3026842,61.23042
3026843,0.0
3026844,299.80756
3026845,0.0
3026846,91.89462
3026847,0.0
3026848,138.92342
3026849,0.0
3026850,163.79503
3026851,303.2843
3026852,0.0
3026853,0.0
3026854,135.40576
3026855,74.0206
3026856,4144.746
3026857,0.0
3026858,0.0
3026859,0.0
3026860,0.0
3026861,16.634487
3026862,2446.5933
3026863,0.0
3026864,446.05954
3026865,0.0
3026866,864.81134
3026867,693.55035
3026868,123.3065
3026869,93.38717
3026870,73.60335
3026871,3678.3645
3026872,0.0
3026873,0.0
3026874,21.881784
3026875,38.398464
3026876,0.0
3026877,271.5278
3026878,0.0
3026879,31.636658
3026880,0.0
3026881,63.624313
3026882,0.0
3026883,175.20108
3026884,285.83536
3026885,0.0
3026886,0.0
3026887,109.89628
3026888,49.4203
3026889,3238.6104
3026890,0.0
3026891,21.306635
3026892,0.0
3026893,0.0
3026894,33.45654
3026895,3259.391
3026896,0.0
3026897,589.04376
3026898,0.0
3026899,1227.7917
3026900,513.4571
3026901,227.12021
3026902,308.08664
3026903,99.81019
3026904,4970.147
3026905,0.56751674
3026906,0.0
3026907,18.347897
3026908,0.0
3026909,0.0
3026910,304.7785
3026911,0.0
3026912,0.0
3026913,0.0
3026914,87.74574
3026915,0.0
3026916,337.1789
3026917,340.18808
3026918,0.0
3026919,0.0
3026920,128.7729
3026921,51.933918
3026922,995.6891
3026923,57.929443
3026924,0.0
3026925,0.0
3026926,0.0
3026927,0.0
3026928,2151.9048
3026929,0.0
3026930,324.83575
3026931,0.0
3026932,715.0298
3026933,530.94476
3026934,133.79507
3026935,169.79489
3026936,90.249664
3026937,3160.1008
3026938,0.0
3026939,0.0
3026940,0.0
3026941,0.0
3026942,0.0
3026943,217.65746
3026944,0.0
3026945,0.0
3026946,0.0
3026947,0.0
3026948,0.0
3026949,285.69357
3026950,211.71393
3026951,0.0
3026952,0.0
3026953,370.70126
3026954,63.354527
3026955,2936.826
3026956,0.0
3026957,0.0
3026958,0.0
3026959,0.0
3026960,33.297504
3026961,4137.9834
3026962,0.0
3026963,396.3353
3026964,4.388077
3026965,1476.6115
3026966,917.41864
3026967,268.0861
3026968,186.58101
3026969,47.536633
3026970,5912.0757
3026971,0.0
3026972,0.0
3026973,30.540789
3026974,35.002773
3026975,0.0
3026976,297.73914
3026977,0.0
3026978,0.0
3026979,0.0
3026980,30.117912
3026981,0.0
3026982,145.94632
3026983,332.99664
3026984,0.0
3026985,0.0
3026986,174.29109
3026987,41.051422
3026988,700.5013
3026989,0.0
3026990,0.0
3026991,0.0
3026992,0.0
3026993,0.0
3026994,2465.6516
3026995,0.0
3026996,479.29657
3026997,0.0
3026998,877.0234
3026999,550.17163
3027000,189.54915
3027001,114.32079
3027002,119.70729
3027003,3722.7683
3027004,2.074572
3027005,0.0
3027006,13.914447
3027007,36.208538
3027008,0.0
3027009,226.51932
3027010,0.0
3027011,8.790083
3027012,0.0
3027013,76.24753
3027014,0.0
3027015,173.8219
3027016,289.60895
3027017,0.0
3027018,0.0
3027019,126.099045
3027020,44.781017
3027021,2763.4814
3027022,0.0
3027023,0.0
3027024,0.0
3027025,0.34565908
3027026,83.0698
3027027,2629.4797
3027028,0.0
3027029,523.125
3027030,0.0
3027031,759.8418
3027032,716.7653
3027033,235.20062
3027034,110.64239
3027035,152.02249
3027036,3248.3809
3027037,10.251999
3027038,0.0
3027039,10.236049
3027040,84.77507
3027041,0.0
3027042,323.24936
3027043,0.0
3027044,79.16243
3027045,57.145493
3027046,130.42108
3027047,0.0
3027048,151.68921
3027049,337.46716
3027050,0.0
3027051,0.0
3027052,122.42056
3027053,54.304382
3027054,3620.435
3027055,0.0
3027056,86.069954
3027057,0.0
3027058,0.0
3027059,0.0
3027060,3874.3938
3027061,0.0
3027062,401.2455
3027063,0.0
3027064,1007.9814
3027065,248.91388
3027066,212.32376
3027067,156.58974
3027068,63.78019
3027069,4033.8562
3027070,0.0
3027071,0.0
3027072,0.0
3027073,0.0
3027074,0.0
3027075,171.68665
3027076,0.0
3027077,0.0
3027078,0.0
3027079,60.941654
3027080,0.0
3027081,118.25101
3027082,230.99397
3027083,0.0
3027084,0.0
3027085,118.14279
3027086,37.895977
3027087,761.8518
3027088,0.0
3027089,0.0
3027090,0.0
3027091,0.0
3027092,7.959099
3027093,8451.175
3027094,0.0
3027095,1437.8434
3027096,0.0
3027097,2294.7507
3027098,2071.5066
3027099,544.6474
3027100,425.6311
3027101,330.31442
3027102,9363.757
3027103,16.114098
3027104,0.0
3027105,39.745567
3027106,175.45944
3027107,0.0
3027108,579.3301
3027109,242.52275
3027110,166.7236
3027111,167.77809
3027112,269.85977
3027113,0.0
3027114,677.83826
3027115,663.35474
3027116,0.0
3027117,40.289444
3027118,986.3271
3027119,283.29272
3027120,12477.6875
3027121,366.4542
3027122,54.109398
3027123,0.0
3027124,0.0
3027125,18.872969
3027126,7497.9385
3027127,0.0
3027128,1218.8009
3027129,0.0
3027130,2134.6372
3027131,1716.1544
3027132,490.62878
3027133,267.3299
3027134,318.38242
3027135,9882.57
3027136,9.710646
3027137,0.0
3027138,29.420858
3027139,127.897095
3027140,0.0
3027141,599.7435
3027142,164.48955
3027143,127.9506
3027144,120.21581
3027145,192.2972
3027146,0.0
3027147,803.9122
3027148,767.995
3027149,0.0
3027150,97.85344
3027151,1026.2013
3027152,233.56532
3027153,7446.424
3027154,355.28192
3027155,43.784683
3027156,0.0
3027157,0.0
3027158,0.0
3027159,4307.2524
3027160,0.0
3027161,900.95526
3027162,0.0
3027163,2001.4146
3027164,1102.9666
3027165,558.9995
3027166,152.72269
3027167,193.29044
3027168,8283.922
3027169,0.0
3027170,0.0
3027171,0.0
3027172,0.0
3027173,0.0
3027174,457.87167
3027175,17.495735
3027176,0.0
3027177,22.9099
3027178,0.0
3027179,0.0
3027180,873.1331
3027181,624.3817
3027182,0.0
3027183,0.0
3027184,737.6735
3027185,111.99524
3027186,2886.5032
3027187,146.26512
3027188,0.0
3027189,0.0
3027190,0.0
3027191,21.124475
3027192,7239.8726
3027193,0.0
3027194,1122.6285
3027195,0.0
3027196,1983.0284
3027197,1704.8263
3027198,524.4901
3027199,217.2062
3027200,211.4297
3027201,9129.362
3027202,10.214552
3027203,0.0
3027204,6.5059214
3027205,147.67006
3027206,0.0
3027207,607.83594
3027208,217.84885
3027209,136.2178
3027210,278.76434
3027211,175.13313
3027212,0.0
3027213,628.0208
3027214,960.52966
3027215,0.0
3027216,0.0
3027217,888.8811
3027218,176.45508
3027219,7228.1924
3027220,433.56064
3027221,31.131208
3027222,0.0
3027223,0.0
3027224,0.0
3027225,3442.3748
3027226,0.0
3027227,702.874
3027228,0.0
3027229,1691.3291
3027230,678.4537
3027231,440.0392
3027232,117.161224
3027233,138.47704
3027234,6425.3394
3027235,0.0
3027236,0.0
3027237,0.0
3027238,0.0
3027239,0.0
3027240,446.34943
3027241,42.636337
3027242,0.0
3027243,61.84133
3027244,8.905406
3027245,0.0
3027246,659.51917
3027247,576.70074
3027248,0.0
3027249,0.0
3027250,704.34125
3027251,95.10411
3027252,1786.346
3027253,215.9303
3027254,0.0
3027255,2.111775
3027256,0.0
3027257,46.45655
3027258,6428.219
3027259,0.0
3027260,1343.5225
3027261,0.0
3027262,1767.7764
3027263,1971.4078
3027264,409.86215
3027265,300.25507
3027266,241.0945
3027267,8008.058
3027268,26.743555
3027269,0.0
3027270,27.391256
3027271,217.42033
3027272,0.0
3027273,485.34512
3027274,283.9584
3027275,196.46204
3027276,337.34116
3027277,211.02853
3027278,0.0
3027279,543.5108
3027280,612.488
3027281,0.0
3027282,0.0
3027283,689.02594
3027284,215.43314
3027285,10061.513
3027286,471.64746
3027287,56.463295
3027288,0.0
3027289,0.0
3027290,0.0
3027291,1626.5963
3027292,0.0
3027293,317.0659
3027294,0.0
3027295,761.8143
3027296,392.48627
3027297,156.69173
3027298,135.70445
3027299,96.21503
3027300,2575.828
3027301,0.0
3027302,0.0
3027303,0.0
3027304,0.0
3027305,0.0
3027306,218.66019
3027307,0.0
3027308,0.0
3027309,0.0
3027310,4.5100136
3027311,0.0
3027312,269.34305
3027313,187.35045
3027314,0.0
3027315,0.0
3027316,222.47476
3027317,61.464985
3027318,1641.1909
3027319,0.0
3027320,0.0
3027321,0.0
3027322,0.0
3027323,0.0
3027324,3905.2031
3027325,0.0
3027326,645.69305
3027327,0.0
3027328,1462.4132
3027329,703.2058
3027330,430.3885
3027331,110.58053
3027332,163.79443
3027333,5870.2876
3027334,0.0
3027335,0.0
3027336,0.0
3027337,25.357712
3027338,0.0
3027339,373.2361
3027340,0.0
3027341,19.80831
3027342,0.0
3027343,95.71184
3027344,0.0
3027345,485.59323
3027346,486.31955
3027347,0.0
3027348,0.0
3027349,385.39905
3027350,67.00894
3027351,2176.8425
3027352,273.18912
3027353,0.0
3027354,0.0
3027355,0.0
3027356,14.7281
3027357,4464.4834
3027358,0.0
3027359,878.3407
3027360,0.0
3027361,1469.963
3027362,1310.5721
3027363,317.55978
3027364,226.88684
3027365,209.20068
3027366,5446.008
3027367,0.0
3027368,0.0
3027369,35.319183
3027370,69.155075
3027371,0.0
3027372,333.4208
3027373,0.0
3027374,107.90859
3027375,0.0
3027376,112.03083
3027377,0.0
3027378,515.30975
3027379,402.02478
3027380,0.0
3027381,0.0
3027382,693.04065
3027383,99.78838
3027384,8169.7007
3027385,0.0
3027386,24.734806
3027387,0.0
3027388,0.0
3027389,0.0
3027390,3867.9636
3027391,0.0
3027392,800.04846
3027393,0.0
3027394,1095.1833
3027395,738.04944
3027396,404.56973
3027397,55.126064
3027398,210.9795
3027399,6173.0767
3027400,0.0
3027401,0.0
3027402,0.0
3027403,110.517944
3027404,0.0
3027405,261.18518
3027406,0.0
3027407,154.63321
3027408,0.0
3027409,166.25648
3027410,0.0
3027411,139.15904
3027412,463.2995
3027413,0.0
3027414,0.0
3027415,101.1928
3027416,59.580994
3027417,7397.0615
3027418,0.0
3027419,43.592632
3027420,0.0
3027421,0.0
3027422,2.0197053
3027423,2360.623
3027424,0.0
3027425,465.7397
3027426,0.0
3027427,1122.8785
3027428,369.31067
3027429,285.01456
3027430,52.83211
3027431,41.215725
3027432,3319.8062
3027433,0.0
3027434,0.0
3027435,0.0
3027436,36.96866
3027437,0.0
3027438,239.60039
3027439,0.0
3027440,25.599012
3027441,0.0
3027442,101.527275
3027443,0.0
3027444,204.39725
3027445,288.39026
3027446,0.0
3027447,0.0
3027448,98.89887
3027449,57.28707
3027450,2885.7673
3027451,0.0
3027452,0.0
3027453,0.0
3027454,0.0
3027455,0.0
3027456,2436.1404
3027457,0.0
3027458,185.69226
3027459,0.0
3027460,1134.1133
3027461,241.25363
3027462,189.82458
3027463,83.71885
3027464,0.0
3027465,2907.186
3027466,0.0
3027467,0.0
3027468,0.0
3027469,0.0
3027470,0.0
3027471,211.11107
3027472,0.0
3027473,0.0
3027474,0.0
3027475,35.390854
3027476,0.0
3027477,21.82643
3027478,173.30363
3027479,0.0
3027480,0.0
3027481,41.661907
3027482,41.334732
3027483,0.0
3027484,0.0
3027485,0.0
3027486,0.0
3027487,0.0
3027488,0.0
3027489,3434.9504
3027490,0.0
3027491,537.19977
3027492,0.0
3027493,943.41437
3027494,740.79443
3027495,301.92026
3027496,152.55318
3027497,169.75539
3027498,4393.322
3027499,0.0
3027500,0.0
3027501,12.602656
3027502,0.0
3027503,0.0
3027504,278.8434
3027505,0.0
3027506,0.0
3027507,47.955696
3027508,58.267517
3027509,0.0
3027510,378.1641
3027511,313.688
3027512,0.0
3027513,0.0
3027514,497.4776
3027515,78.31359
3027516,3315.947
3027517,0.0
3027518,53.96467
3027519,0.0
3027520,0.0
3027521,0.0
3027522,4063.5393
3027523,0.0
3027524,695.19745
3027525,0.0
3027526,944.7794
3027527,1298.0137
3027528,213.94647
3027529,241.62843
3027530,209.08171
3027531,4351.857
3027532,13.495805
3027533,0.0
3027534,31.993658
3027535,62.86501
3027536,0.0
3027537,284.61032
3027538,3.544542
3027539,0.45157394
3027540,57.57945
3027541,99.28022
3027542,0.0
3027543,406.3647
3027544,288.86227
3027545,0.0
3027546,0.5364156
3027547,520.0102
3027548,126.57183
3027549,7353.6694
3027550,0.0
3027551,70.8086
3027552,0.0
3027553,0.0
3027554,25.724997
3027555,4006.1782
3027556,0.0
3027557,755.11993
3027558,0.0
3027559,1072.0677
3027560,1291.1769
3027561,285.71692
3027562,226.15459
3027563,88.53395
3027564,4556.9116
3027565,2.8352876
3027566,0.0
3027567,24.735569
3027568,49.9814
3027569,0.0
3027570,377.66245
3027571,0.0
3027572,130.84297
3027573,49.039295
3027574,100.71062
3027575,0.0
3027576,377.5222
3027577,392.63388
3027578,0.0
3027579,0.0
3027580,484.78235
3027581,125.381294
3027582,6805.8325
3027583,0.0
3027584,62.09898
3027585,0.0
3027586,0.0
3027587,0.0
3027588,2961.577
3027589,0.0
3027590,446.58948
3027591,0.0
3027592,1120.4742
3027593,338.97165
3027594,499.16638
3027595,131.66588
3027596,25.40081
3027597,5472.018
3027598,0.0
3027599,0.0
3027600,0.0
3027601,14.572237
3027602,0.0
3027603,368.86398
3027604,0.0
3027605,0.0
3027606,52.141228
3027607,44.29751
3027608,0.0
3027609,276.90344
3027610,366.2645
3027611,0.0
3027612,0.0
3027613,363.61243
3027614,30.698534
3027615,844.59216
3027616,30.980343
3027617,0.0
3027618,0.0
3027619,0.0
3027620,0.0
3027621,1882.5638
3027622,0.0
3027623,361.35236
3027624,0.0
3027625,631.28705
3027626,534.4752
3027627,187.99141
3027628,116.28946
3027629,147.60825
3027630,2994.5112
3027631,0.0
3027632,0.0
3027633,0.0
3027634,0.0
3027635,0.0
3027636,192.31174
3027637,0.0
3027638,0.0
3027639,0.0
3027640,65.43246
3027641,0.0
3027642,252.40775
3027643,174.46393
3027644,0.0
3027645,0.0
3027646,237.84827
3027647,55.556183
3027648,1595.6353
3027649,0.0
3027650,0.0
3027651,0.0
3027652,0.0
3027653,0.0
3027654,949.94293
3027655,0.0
3027656,33.401627
3027657,0.0
3027658,662.91956
3027659,131.54404
3027660,185.37662
3027661,19.030602
3027662,0.0
3027663,2603.6018
3027664,0.0
3027665,0.0
3027666,0.0
3027667,0.0
3027668,0.0
3027669,139.55722
3027670,0.0
3027671,0.0
3027672,0.0
3027673,0.0
3027674,0.0
3027675,232.98657
3027676,109.09497
3027677,0.0
3027678,0.0
3027679,168.124
3027680,2.3557355
3027681,0.0
3027682,0.0
3027683,0.0
3027684,0.0
3027685,0.0
3027686,35.643764
3027687,4004.7288
3027688,0.0
3027689,534.53107
3027690,0.0
3027691,1608.5974
3027692,520.29755
3027693,526.7497
3027694,124.862076
3027695,92.5268
3027696,6300.8267
3027697,0.0
3027698,0.0
3027699,72.89399
3027700,0.0
3027701,0.0
3027702,467.57977
3027703,0.0
3027704,0.0
3027705,0.0
3027706,24.269533
3027707,0.0
3027708,816.64386
3027709,499.1682
3027710,0.0
3027711,0.0
3027712,327.00635
3027713,15.003109
3027714,690.6514
3027715,211.92355
3027716,0.0
3027717,0.0
3027718,0.0
3027719,0.0
3027720,1231.5083
3027721,0.0
3027722,126.585915
3027723,0.0
3027724,790.7653
3027725,302.2231
3027726,278.37976
3027727,65.672646
3027728,18.866375
3027729,3017.7097
3027730,0.0
3027731,0.0
3027732,0.0
3027733,0.0
3027734,0.0
3027735,236.86446
3027736,0.0
3027737,0.0
3027738,0.0
3027739,0.13927773
3027740,0.0
3027741,341.4833
3027742,225.63516
3027743,0.0
3027744,0.0
3027745,114.74152
3027746,27.004282
3027747,0.0
3027748,0.0
3027749,0.0
3027750,0.0
3027751,0.0
3027752,0.0
3027753,1144.2058
3027754,0.0
3027755,104.24735
3027756,0.0
3027757,791.2698
3027758,243.48111
3027759,248.71793
3027760,45.564747
3027761,37.12268
3027762,3042.2783
3027763,0.0
3027764,0.0
3027765,0.0
3027766,0.0
3027767,0.0
3027768,225.68407
3027769,0.0
3027770,0.0
3027771,0.0
3027772,0.0
3027773,0.0
3027774,271.60104
3027775,182.81999
3027776,0.0
3027777,0.0
3027778,75.05984
3027779,25.373323
3027780,0.0
3027781,0.0
3027782,0.0
3027783,0.0
3027784,0.0
3027785,1.9368254
3027786,1141.6367
3027787,0.0
3027788,125.42765
3027789,0.0
3027790,1102.7008
3027791,282.30933
3027792,295.35776
3027793,48.567505
3027794,22.300457
3027795,3098.3323
3027796,0.0
3027797,0.0
3027798,7.2730684
3027799,0.0
3027800,0.0
3027801,275.30548
3027802,0.0
3027803,0.0
3027804,0.0
3027805,7.0998483
3027806,0.0
3027807,371.74506
3027808,296.25336
3027809,0.0
3027810,0.0
3027811,88.94921
3027812,33.96485
3027813,78.938065
3027814,0.0
3027815,0.0
3027816,0.0
3027817,0.0
3027818,1.9389397
3027819,1525.0333
3027820,0.0
3027821,107.76877
3027822,0.0
3027823,867.89435
3027824,294.6371
3027825,331.60834
3027826,78.71605
3027827,46.608036
3027828,3149.0479
3027829,0.0
3027830,0.0
3027831,7.2751875
3027832,0.0
3027833,0.0
3027834,273.04233
3027835,0.0
3027836,0.0
3027837,0.0
3027838,44.88568
3027839,0.0
3027840,251.24918
3027841,234.08144
3027842,0.0
3027843,0.0
3027844,88.95133
3027845,63.033726
3027846,289.70337
3027847,1.8068004
3027848,0.0
3027849,0.0
3027850,0.0
3027851,0.0
3027852,921.3173
3027853,0.0
3027854,108.05663
3027855,0.0
3027856,780.5666
3027857,215.92172
3027858,240.34447
3027859,96.30959
3027860,34.364822
3027861,2284.8032
3027862,0.0
3027863,0.0
3027864,0.0
3027865,0.0
3027866,0.0
3027867,224.58032
3027868,0.0
3027869,0.0
3027870,0.0
3027871,0.0
3027872,0.0
3027873,128.14822
3027874,149.04114
3027875,0.0
3027876,0.0
3027877,76.70811
3027878,19.696455
3027879,0.0
3027880,0.0
3027881,0.0
3027882,0.0
3027883,0.0
3027884,53.311375
3027885,2985.0715
3027886,0.0
3027887,272.64023
3027888,0.0
3027889,1057.6686
3027890,535.582
3027891,512.7305
3027892,185.65514
3027893,119.97784
3027894,4609.8857
3027895,0.0
3027896,0.0
3027897,6.1347275
3027898,66.36529
3027899,0.0
3027900,356.64148
3027901,0.0
3027902,0.0
3027903,169.03525
3027904,14.263342
3027905,0.0
3027906,408.77567
3027907,338.84122
3027908,0.0
3027909,0.0
3027910,302.371
3027911,26.180468
3027912,667.3879
3027913,162.20894
3027914,0.0
3027915,0.0
3027916,0.0
3027917,0.33238456
3027918,1816.0582
3027919,0.0
3027920,435.54147
3027921,0.0
3027922,676.6007
3027923,393.69934
3027924,221.27705
3027925,132.6761
3027926,66.998825
3027927,2916.6555
3027928,0.0
3027929,0.0
3027930,0.0
3027931,13.386289
3027932,0.0
3027933,230.70111
3027934,0.0
3027935,0.0
3027936,0.0
3027937,64.49324
3027938,0.0
3027939,299.77032
3027940,228.54169
3027941,0.0
3027942,0.0
3027943,171.51059
3027944,18.193075
3027945,859.04083
3027946,27.157103
3027947,0.0
3027948,0.0
3027949,0.0
3027950,0.0
3027951,2262.1216
3027952,0.0
3027953,225.19948
3027954,0.0
3027955,1001.14044
3027956,302.48807
3027957,339.391
3027958,96.72532
3027959,18.379137
3027960,3772.6555
3027961,0.0
3027962,0.0
3027963,34.389935
3027964,0.0
3027965,0.0
3027966,215.78993
3027967,0.0
3027968,0.0
3027969,0.0
3027970,68.39688
3027971,0.0
3027972,275.53812
3027973,208.0088
3027974,0.0
3027975,0.0
3027976,94.798195
3027977,23.284397
3027978,145.31407
3027979,43.611423
3027980,0.0
3027981,0.0
3027982,0.0
3027983,0.0
3027984,2365.9824
3027985,0.0
3027986,485.57742
3027987,0.0
3027988,717.1068
3027989,631.07605
3027990,187.97691
3027991,111.37843
3027992,75.82849
3027993,3750.9978
3027994,0.0
3027995,0.0
3027996,0.0
3027997,14.743136
3027998,0.0
3027999,244.15648
3028000,0.0
3028001,0.0
3028002,24.95295
3028003,106.586815
3028004,0.0
3028005,360.50418
3028006,240.34053
3028007,0.0
3028008,0.0
3028009,375.28738
3028010,56.94739
3028011,1663.8918
3028012,0.0
3028013,0.0
3028014,0.0
3028015,0.0
3028016,45.07698
3028017,3180.0999
3028018,0.0
3028019,322.52576
3028020,0.0
3028021,1268.6316
3028022,503.01572
3028023,521.9297
3028024,126.66053
3028025,33.62218
3028026,4992.548
3028027,0.0
3028028,0.0
3028029,15.696019
3028030,1.4110744
3028031,0.0
3028032,340.26166
3028033,0.0
3028034,0.0
3028035,33.397068
3028036,108.640076
3028037,0.0
3028038,693.25134
3028039,337.19144
3028040,0.0
3028041,0.0
3028042,116.22758
3028043,44.713783
3028044,482.14642
3028045,178.70837
3028046,0.0
3028047,0.0
3028048,0.0
3028049,38.682514
3028050,2431.2776
3028051,0.0
3028052,338.58066
3028053,0.0
3028054,1135.1953
3028055,416.58472
3028056,379.17438
3028057,158.13747
3028058,111.51405
3028059,4243.0547
3028060,0.76181227
3028061,0.0
3028062,68.23867
3028063,51.736412
3028064,0.0
3028065,345.50134
3028066,0.0
3028067,0.0
3028068,0.0
3028069,102.245636
3028070,0.0
3028071,461.26633
3028072,321.63907
3028073,0.0
3028074,0.0
3028075,109.89992
3028076,41.194645
3028077,501.65253
3028078,0.0
3028079,0.0
3028080,0.0
3028081,0.0
3028082,0.0
3028083,1263.1315
3028084,0.0
3028085,122.31112
3028086,0.0
3028087,771.4044
3028088,200.6394
3028089,130.50208
3028090,57.760563
3028091,40.842026
3028092,2747.2786
3028093,0.0
3028094,0.0
3028095,0.0
3028096,0.0
3028097,0.0
3028098,158.68375
3028099,0.0
3028100,0.0
3028101,0.0
3028102,26.891346
3028103,0.0
3028104,296.81937
3028105,102.7038
3028106,0.0
3028107,0.0
3028108,88.39276
3028109,19.687489
3028110,147.98509
3028111,3.2169423
3028112,0.0
3028113,0.0
3028114,0.0
3028115,0.0
3028116,1773.8402
3028117,0.0
3028118,244.02121
3028119,0.0
3028120,646.9359
3028121,424.1445
3028122,128.69638
3028123,65.962166
3028124,65.93938
3028125,2682.46
3028126,5.855256
3028127,0.0
3028128,17.270348
3028129,0.0
3028130,0.0
3028131,132.54102
3028132,0.0
3028133,0.0
3028134,12.664121
3028135,26.34799
3028136,0.0
3028137,526.277
3028138,108.6759
3028139,0.0
3028140,0.0
3028141,252.82133
3028142,46.288097
3028143,584.13794
3028144,0.0
3028145,4.1866503
3028146,0.0
3028147,0.0
3028148,156.18832
3028149,3741.448
3028150,0.0
3028151,818.41254
3028152,0.0
3028153,1041.3108
3028154,1218.0911
3028155,510.7364
3028156,98.651184
3028157,238.58995
3028158,4792.1846
3028159,0.0
3028160,0.0
3028161,185.74448
3028162,373.39194
3028163,0.0
3028164,271.26508
3028165,0.0
3028166,0.0
3028167,0.0
3028168,219.75143
3028169,0.0
3028170,244.34537
3028171,522.38293
3028172,0.0
3028173,0.0
3028174,297.58313
3028175,44.31222
3028176,2744.2217
3028177,0.0
3028178,153.47797
3028179,0.0
3028180,0.0
3028181,0.0
3028182,2331.305
3028183,0.0
3028184,391.12585
3028185,0.0
3028186,576.0893
3028187,491.3459
3028188,160.72841
3028189,91.89928
3028190,38.717594
3028191,2172.5437
3028192,0.0
3028193,0.0
3028194,12.361949
3028195,0.0
3028196,0.0
3028197,94.13482
3028198,0.0
3028199,0.0
3028200,0.0
3028201,94.057465
3028202,0.0
3028203,242.21169
3028204,144.81305
3028205,0.0
3028206,0.0
3028207,203.36053
3028208,19.428331
3028209,756.59784
3028210,0.0
3028211,0.0
3028212,0.0
3028213,0.0
3028214,0.0
3028215,1319.8392
3028216,0.0
3028217,88.59515
3028218,0.0
3028219,482.77664
3028220,181.88751
3028221,111.983215
3028222,67.84695
3028223,40.737434
3028224,1779.8484
3028225,0.0
3028226,0.0
3028227,0.0
3028228,0.0
3028229,0.0
3028230,94.40562
3028231,0.0
3028232,0.0
3028233,0.0
3028234,43.148537
3028235,0.0
3028236,201.13586
3028237,142.76512
3028238,0.0
3028239,0.0
3028240,129.8813
3028241,9.581147
3028242,160.05026
3028243,0.0
3028244,0.0
3028245,0.0
3028246,0.0
3028247,0.0
3028248,3063.7825
3028249,0.0
3028250,619.7745
3028251,0.0
3028252,829.5722
3028253,807.11694
3028254,332.91922
3028255,130.745
3028256,146.80103
3028257,4070.239
3028258,2.303935
3028259,0.0
3028260,22.000689
3028261,102.192764
3028262,0.0
3028263,242.32814
3028264,0.0
3028265,0.0
3028266,0.0
3028267,167.09482
3028268,0.0
3028269,190.35588
3028270,273.38977
3028271,0.0
3028272,0.0
3028273,215.3314
3028274,49.999943
3028275,1998.478
3028276,0.0
3028277,74.15545
3028278,0.0
3028279,0.0
3028280,0.0
3028281,2927.9514
3028282,0.0
3028283,520.4429
3028284,45.557724
3028285,978.8428
3028286,654.38556
3028287,358.14252
3028288,220.00172
3028289,43.582188
3028290,4392.2163
3028291,0.0
3028292,0.0
3028293,84.976654
3028294,48.874466
3028295,0.0
3028296,273.91052
3028297,0.0
3028298,0.0
3028299,0.0
3028300,159.26964
3028301,0.0
3028302,567.503
3028303,327.47818
3028304,0.0
3028305,0.0
3028306,161.05525
3028307,41.199493
3028308,974.2738
3028309,0.0
3028310,0.0
3028311,0.0
3028312,0.0
3028313,0.0
3028314,2644.8354
3028315,0.0
3028316,452.89542
3028317,0.0
3028318,772.68115
3028319,488.61127
3028320,305.33054
3028321,210.84372
3028322,116.91971
3028323,3864.9146
3028324,0.0
3028325,0.0
3028326,75.81867
3028327,108.33183
3028328,0.0
3028329,293.49457
3028330,0.0
3028331,0.0
3028332,0.0
3028333,136.2059
3028334,0.0
3028335,463.42
3028336,288.44623
3028337,0.0
3028338,0.0
3028339,76.505165
3028340,28.038513
3028341,591.6353
3028342,0.0
3028343,0.0
3028344,0.0
3028345,0.0
3028346,29.001413
3028347,7035.43
3028348,0.0
3028349,1081.6438
3028350,0.0
3028351,1789.744
3028352,1631.6188
3028353,413.22195
3028354,316.97134
3028355,273.99036
3028356,7124.5127
3028357,0.0
3028358,0.0
3028359,9.203991
3028360,22.995693
3028361,0.0
3028362,295.8379
3028363,0.0
3028364,0.0
3028365,79.989204
3028366,145.18102
3028367,0.0
3028368,543.71014
3028369,461.22623
3028370,0.0
3028371,0.0
3028372,908.3579
3028373,154.92145
3028374,6101.698
3028375,0.0
3028376,52.798607
3028377,0.0
3028378,0.0
3028379,0.0
3028380,1650.9751
3028381,0.0
3028382,140.39523
3028383,0.0
3028384,546.91254
3028385,259.75476
3028386,171.24495
3028387,130.18748
3028388,23.566553
3028389,2657.88
3028390,0.0
3028391,0.0
3028392,0.0
3028393,0.0
3028394,0.0
3028395,156.55844
3028396,0.0
3028397,0.0
3028398,0.0
3028399,41.68083
3028400,0.0
3028401,136.75095
3028402,182.58604
3028403,0.0
3028404,0.0
3028405,68.6835
3028406,20.216856
3028407,51.038097
3028408,0.0
3028409,0.0
3028410,0.0
3028411,0.0
3028412,0.0
3028413,2649.6602
3028414,0.0
3028415,440.83243
3028416,1.6686729
3028417,1289.9252
3028418,557.5221
3028419,329.12766
3028420,254.62692
3028421,148.14714
3028422,4700.4023
3028423,0.22378217
3028424,3.1503897
3028425,105.56392
3028426,92.71161
3028427,0.0
3028428,356.55164
3028429,0.0
3028430,0.0
3028431,0.0
3028432,165.95134
3028433,0.0
3028434,614.85767
3028435,355.0571
3028436,1.3769662
3028437,0.0
3028438,103.02723
3028439,54.560654
3028440,492.77448
3028441,0.0
3028442,8.369759
3028443,0.0
3028444,0.0
3028445,0.0
3028446,976.573
3028447,0.0
3028448,86.844284
3028449,0.0
3028450,597.9352
3028451,60.74116
3028452,28.688404
3028453,19.818766
3028454,7.548184
3028455,2839.905
3028456,0.0
3028457,0.0
3028458,0.0
3028459,0.0
3028460,0.0
3028461,83.92752
3028462,0.0
3028463,0.0
3028464,0.0
3028465,27.426031
3028466,0.0
3028467,171.671
3028468,70.45631
3028469,0.0
3028470,0.0
3028471,54.428707
3028472,5.9620724
3028473,0.0
3028474,0.0
3028475,0.0
3028476,26.717106
3028477,0.0
3028478,9.359192
3028479,3947.9426
3028480,0.0
3028481,266.3084
3028482,71.30246
3028483,1822.9885
3028484,441.6612
3028485,303.18256
3028486,362.82217
3028487,111.500114
3028488,5833.21
3028489,19.618446
3028490,0.0
3028491,115.00296
3028492,114.935875
3028493,0.0
3028494,269.42578
3028495,0.0
3028496,0.0
3028497,122.40833
3028498,186.23004
3028499,90.496376
3028500,440.11948
3028501,99.71566
3028502,53.903015
3028503,9.850262
3028504,309.33945
3028505,114.16754
3028506,1554.6613
3028507,0.0
3028508,26.486032
3028509,0.0
3028510,0.0
3028511,0.0
3028512,2640.155
3028513,0.0
3028514,562.13104
3028515,0.0
3028516,864.5883
3028517,516.716
3028518,263.98532
3028519,192.31523
3028520,55.303734
3028521,4359.945
3028522,0.0
3028523,0.0
3028524,17.897738
3028525,83.80261
3028526,0.0
3028527,275.9214
3028528,0.0
3028529,0.0
3028530,0.0
3028531,111.4652
3028532,0.0
3028533,427.6383
3028534,303.76492
3028535,0.0
3028536,0.0
3028537,106.0035
3028538,31.423496
3028539,223.02942
3028540,0.0
3028541,0.0
3028542,0.0
3028543,0.0
3028544,0.0
3028545,1625.477
3028546,0.0
3028547,105.44596
3028548,0.0
3028549,532.72217
3028550,155.88623
3028551,66.344376
3028552,133.00677
3028553,20.610968
3028554,2726.6663
3028555,0.0
3028556,0.0
3028557,0.0
3028558,0.0
3028559,0.0
3028560,127.62831
3028561,0.0
3028562,0.0
3028563,0.0
3028564,52.157013
3028565,0.0
3028566,182.789
3028567,111.25978
3028568,0.0
3028569,0.0
3028570,70.14601
3028571,18.331373
3028572,48.17905
3028573,0.0
3028574,0.0
3028575,0.0
3028576,0.0
3028577,0.0
3028578,2954.0142
3028579,0.0
3028580,371.13452
3028581,0.0
3028582,900.60077
3028583,517.53687
3028584,256.13065
3028585,187.72047
3028586,108.34208
3028587,4317.114
3028588,0.0
3028589,0.0
3028590,51.474636
3028591,41.614162
3028592,0.0
3028593,302.5942
3028594,0.0
3028595,0.0
3028596,0.0
3028597,114.85367
3028598,0.0
3028599,504.77872
3028600,290.55997
3028601,0.0
3028602,0.0
3028603,96.47877
3028604,25.410917
3028605,792.5554
3028606,0.0
3028607,0.0
3028608,0.0
3028609,0.0
3028610,43.99191
3028611,2762.287
3028612,0.0
3028613,524.2784
3028614,0.0
3028615,930.7942
3028616,815.4922
3028617,213.24147
3028618,132.55005
3028619,88.491104
3028620,4337.1113
3028621,6.8873916
3028622,0.0
3028623,25.576809
3028624,53.701195
3028625,0.0
3028626,292.80972
3028627,0.0
3028628,0.0
3028629,0.0
3028630,151.89105
3028631,0.0
3028632,166.79942
3028633,309.4039
3028634,0.0
3028635,0.0
3028636,134.0593
3028637,74.86928
3028638,2242.8867
3028639,0.0
3028640,1.7246255
3028641,0.0
3028642,0.0
3028643,16.750477
3028644,2566.2256
3028645,0.0
3028646,460.19507
3028647,0.0
3028648,903.44934
3028649,693.66705
3028650,157.49013
3028651,114.68577
3028652,121.94743
3028653,3926.9717
3028654,0.0
3028655,0.0
3028656,46.566418
3028657,66.903206
3028658,0.0
3028659,296.05997
3028660,0.0
3028661,0.0
3028662,0.0
3028663,109.46949
3028664,0.0
3028665,148.93527
3028666,306.38544
3028667,0.0
3028668,0.0
3028669,116.19502
3028670,57.91417
3028671,1557.5824
3028672,0.0
3028673,0.0
3028674,0.0
3028675,0.0
3028676,20.145575
3028677,3271.6384
3028678,0.0
3028679,555.4913
3028680,0.0
3028681,1358.9038
3028682,558.476
3028683,247.71313
3028684,255.52089
3028685,88.56239
3028686,5365.5664
3028687,0.0
3028688,0.0
3028689,13.162202
3028690,82.72151
3028691,0.0
3028692,316.95303
3028693,0.0
3028694,0.0
3028695,85.66529
3028696,105.490944
3028697,0.0
3028698,544.0048
3028699,336.91183
3028700,0.0
3028701,0.0
3028702,121.64456
3028703,47.000862
3028704,1026.2778
3028705,76.036064
3028706,0.0
3028707,0.0
3028708,0.0
3028709,0.0
3028710,1792.6606
3028711,0.0
3028712,229.87923
3028713,0.0
3028714,664.8443
3028715,423.1148
3028716,94.19311
3028717,137.80536
3028718,84.043724
3028719,3183.9333
3028720,0.0
3028721,0.0
3028722,0.0
3028723,0.0
3028724,0.0
3028725,167.79793
3028726,0.0
3028727,0.0
3028728,0.0
3028729,9.731441
3028730,0.0
3028731,271.54163
3028732,97.53932
3028733,0.0
3028734,0.0
3028735,354.92212
3028736,42.21764
3028737,1506.3875
3028738,0.0
3028739,0.0
3028740,0.0
3028741,0.0
3028742,15.795231
3028743,4111.8125
3028744,0.0
3028745,426.05884
3028746,0.0
3028747,1535.7104
3028748,475.05893
3028749,291.4238
3028750,162.98201
3028751,76.208
3028752,6155.791
3028753,0.0
3028754,0.0
3028755,37.60715
3028756,17.500479
3028757,0.0
3028758,312.98312
3028759,0.0
3028760,0.0
3028761,0.0
3028762,96.63665
3028763,0.0
3028764,406.6186
3028765,331.0916
3028766,0.0
3028767,0.0
3028768,111.04989
3028769,31.927034
3028770,727.71906
3028771,0.0
3028772,0.0
3028773,0.0
3028774,0.0
3028775,0.0
3028776,2310.5444
3028777,0.0
3028778,512.8106
3028779,0.0
3028780,992.9016
3028781,530.8202
3028782,212.30408
3028783,100.54278
3028784,105.96378
3028785,3911.9656
3028786,0.0
3028787,0.0
3028788,6.233077
3028789,12.422367
3028790,0.0
3028791,237.24734
3028792,0.0
3028793,0.0
3028794,0.0
3028795,98.05392
3028796,0.0
3028797,168.54883
3028798,295.033
3028799,0.0
3028800,0.0
3028801,116.47512
3028802,37.35226
3028803,1296.2203
3028804,0.0
3028805,0.0
3028806,0.0
3028807,3.4403148
3028808,0.0
3028809,2472.1394
3028810,0.0
3028811,557.3039
3028812,0.0
3028813,880.98627
3028814,707.7006
3028815,259.26526
3028816,103.59874
3028817,140.55164
3028818,3617.63
3028819,9.304977
3028820,0.0
3028821,9.28901
3028822,0.0
3028823,0.0
3028824,270.39777
3028825,0.0
3028826,0.0
3028827,102.61411
3028828,204.50362
3028829,0.0
3028830,153.1505
3028831,345.56467
3028832,0.0
3028833,0.0
3028834,119.53106
3028835,53.609997
3028836,2093.1372
3028837,0.0
3028838,81.04988
3028839,0.0
3028840,0.0
3028841,0.0
3028842,3593.5479
3028843,0.0
3028844,445.97263
3028845,0.0
3028846,1099.4366
3028847,561.38
3028848,237.34901
3028849,147.99434
3028850,38.014618
3028851,4405.8936
3028852,0.0
3028853,0.0
3028854,14.140783
3028855,0.0
3028856,0.0
3028857,224.36226
3028858,0.0
3028859,0.0
3028860,0.0
3028861,89.398636
3028862,0.0
3028863,271.2102
3028864,251.73444
3028865,0.0
3028866,0.0
3028867,128.48543
3028868,32.106956
3028869,773.4197
3028870,0.0
3028871,0.0
3028872,0.0
3028873,0.0
3028874,0.0
3028875,7541.068
3028876,0.0
3028877,1438.5104
3028878,0.0
3028879,2174.3916
3028880,1884.0938
3028881,541.1604
3028882,399.89413
3028883,352.50635
3028884,8686.782
3028885,0.0
3028886,0.0
3028887,48.216957
3028888,166.92712
3028889,0.0
3028890,551.7409
3028891,179.94629
3028892,0.0
3028893,140.37672
3028894,409.7573
3028895,0.0
3028896,669.47345
3028897,533.6719
3028898,0.0
3028899,0.0
3028900,976.0701
3028901,263.90488
3028902,8237.772
3028903,270.44098
3028904,46.526062
3028905,0.0
3028906,0.0
3028907,2.7756786
3028908,6913.2173
3028909,0.0
3028910,1154.3422
3028911,0.0
3028912,2114.4744
3028913,1636.1416
3028914,487.14194
3028915,241.59299
3028916,282.55844
3028917,9207.288
3028918,0.0
3028919,0.0
3028920,37.892242
3028921,119.36456
3028922,0.0
3028923,549.55493
3028924,139.20259
3028925,0.0
3028926,92.81438
3028927,307.482
3028928,0.0
3028929,742.57684
3028930,536.68286
3028931,0.0
3028932,0.0
3028933,1000.7019
3028934,214.1777
3028935,4963.9927
3028936,321.69006
3028937,36.201378
3028938,0.0
3028939,0.0
3028940,0.0
3028941,3707.8745
3028942,0.0
3028943,854.8943
3028944,0.0
3028945,2073.2014
3028946,1020.0322
3028947,581.496
3028948,137.3201
3028949,240.44568
3028950,8074.4805
3028951,0.0
3028952,0.0
3028953,0.0
3028954,0.0
3028955,0.0
3028956,430.58914
3028957,0.0
3028958,0.0
3028959,25.72512
3028960,62.979813
3028961,0.0
3028962,822.1322
3028963,606.58325
3028964,0.0
3028965,0.0
3028966,785.67566
3028967,102.94197
3028968,1230.6721
3028969,110.88948
3028970,0.0
3028971,0.0
3028972,0.0
3028973,20.508888
3028974,6470.338
3028975,0.0
3028976,1096.9625
3028977,0.0
3028978,2100.302
3028979,1544.1859
3028980,537.5049
3028981,192.322
3028982,249.1034
3028983,8772.638
3028984,0.0
3028985,0.0
3028986,30.459028
3028987,155.63925
3028988,0.0
3028989,615.0372
3028990,225.6093
3028991,0.0
3028992,265.5574
3028993,313.44556
3028994,0.0
3028995,579.6959
3028996,786.67535
3028997,0.0
3028998,0.0
3028999,861.25653
3029000,157.92018
3029001,4100.2476
3029002,416.47064
3029003,30.515646
3029004,0.0
3029005,0.0
3029006,0.0
3029007,3375.4202
3029008,0.0
3029009,649.2691
3029010,0.0
3029011,1676.0996
3029012,618.98114
3029013,470.3346
3029014,109.55756
3029015,193.43127
3029016,6306.7505
3029017,0.0
3029018,0.0
3029019,0.0
3029020,0.0
3029021,0.0
3029022,444.82095
3029023,49.017036
3029024,0.0
3029025,0.0
3029026,49.55581
3029027,0.0
3029028,634.11633
3029029,525.89795
3029030,0.0
3029031,0.0
3029032,693.69293
3029033,93.84976
3029034,946.0183
3029035,214.08913
3029036,0.0
3029037,0.0
3029038,0.0
3029039,33.102676
3029040,5812.4043
3029041,0.0
3029042,1260.3671
3029043,0.0
3029044,1817.4106
3029045,1722.5417
3029046,410.13876
3029047,278.24103
3029048,266.0297
3029049,7815.635
3029050,10.82619
3029051,0.0
3029052,43.052834
3029053,158.49663
3029054,0.0
3029055,394.38895
3029056,260.13254
3029057,0.0
3029058,136.7387
3029059,238.47849
3029060,0.0
3029061,518.1081
3029062,490.46582
3029063,0.0
3029064,0.0
3029065,663.9672
3029066,199.76836
3029067,5836.0103
3029068,335.3242
3029069,43.109447
3029070,0.0
3029071,0.0
3029072,0.0
3029073,1365.0035
3029074,0.0
3029075,259.04282
3029076,0.0
3029077,746.98035
3029078,329.19785
3029079,102.38217
3029080,111.15937
3029081,107.24237
3029082,2666.397
3029083,0.0
3029084,0.0
3029085,0.0
3029086,0.0
3029087,0.0
3029088,173.59792
3029089,0.0
3029090,0.0
3029091,0.0
3029092,21.660656
3029093,0.0
3029094,257.8065
3029095,162.29729
3029096,0.0
3029097,0.0
3029098,200.56772
3029099,47.772533
3029100,878.92163
3029101,0.0
3029102,0.0
3029103,0.0
3029104,0.0
3029105,0.0
3029106,3474.296
3029107,0.0
3029108,607.08826
3029109,0.0
3029110,1533.8517
3029111,639.54584
3029112,433.17078
3029113,91.704414
3029114,147.99744
3029115,5823.7407
3029116,0.0
3029117,0.0
3029118,0.0
3029119,22.677412
3029120,0.0
3029121,379.8021
3029122,0.0
3029123,0.0
3029124,0.0
3029125,138.74059
3029126,0.0
3029127,458.0897
3029128,445.09653
3029129,0.0
3029130,0.0
3029131,363.47815
3029132,54.482063
3029133,1431.8896
3029134,245.86658
3029135,0.0
3029136,0.0
3029137,0.0
3029138,0.0
3029139,3972.3237
3029140,0.0
3029141,814.957
3029142,0.0
3029143,1372.8693
3029144,1053.9924
3029145,296.47037
3029146,193.66774
3029147,222.93102
3029148,5122.3237
3029149,0.0
3029150,0.0
3029151,35.328945
3029152,86.731316
3029153,0.0
3029154,147.61578
3029155,0.0
3029156,0.0
3029157,0.0
3029158,173.66602
3029159,0.0
3029160,473.46344
3029161,405.79175
3029162,0.0
3029163,0.0
3029164,644.391
3029165,72.91861
3029166,4199.019
3029167,0.0
3029168,0.17596744
3029169,0.0
3029170,0.0
3029171,0.0
3029172,3430.8396
3029173,0.0
3029174,713.4212
3029175,0.0
3029176,1146.2108
3029177,595.75806
3029178,374.42148
3029179,42.10577
3029180,172.94356
3029181,6426.314
3029182,0.0
3029183,0.0
3029184,0.0
3029185,28.665945
3029186,0.0
3029187,228.60344
3029188,0.0
3029189,0.0
3029190,0.0
3029191,139.58524
3029192,0.0
3029193,123.43268
3029194,424.50153
3029195,0.0
3029196,0.0
3029197,72.74194
3029198,52.909977
3029199,3197.4219
3029200,0.0
3029201,9.974929
3029202,0.0
3029203,0.0
3029204,0.0
3029205,2101.8628
3029206,0.0
3029207,450.95306
3029208,0.0
3029209,1177.4563
3029210,270.84744
3029211,277.13748
3029212,39.811905
3029213,29.87398
3029214,3575.469
3029215,0.0
3029216,0.0
3029217,0.0
3029218,50.601463
3029219,0.0
3029220,85.8828
3029221,0.0
3029222,0.0
3029223,0.0
3029224,108.779335
3029225,0.0
3029226,188.67105
3029227,261.81525
3029228,0.0
3029229,0.0
3029230,70.44802
3029231,50.6161
3029232,926.17505
3029233,0.0
3029234,0.0
3029235,0.0
3029236,0.0
3029237,0.0
3029238,2311.935
3029239,0.0
3029240,210.38533
3029241,0.0
3029242,1144.517
3029243,157.7664
3029244,211.70433
3029245,80.568954
3029246,41.472702
3029247,3159.6921
3029248,0.0
3029249,0.0
3029250,0.0
3029251,0.0
3029252,0.0
3029253,192.78075
3029254,0.0
3029255,0.0
3029256,0.0
3029257,12.320015
3029258,0.0
3029259,189.8914
3029260,155.24069
3029261,0.0
3029262,0.0
3029263,13.211061
3029264,34.6638
3029265,0.0
3029266,0.0
3029267,0.0
3029268,0.0
3029269,0.0
3029270,0.0
3029271,3172.9758
3029272,0.0
3029273,477.54935
3029274,0.0
3029275,928.5802
3029276,720.83887
3029277,269.763
3029278,128.47032
3029279,176.44588
3029280,4446.8286
3029281,0.0
3029282,0.0
3029283,0.0
3029284,3.8318372
3029285,0.0
3029286,255.2546
3029287,0.0
3029288,0.0
3029289,19.447554
3029290,97.87812
3029291,0.0
3029292,354.88934
3029293,272.04135
3029294,0.0
3029295,0.0
3029296,482.05237
3029297,65.08334
3029298,1847.466
3029299,0.0
3029300,44.196728
3029301,0.0
3029302,0.0
3029303,8.83379
3029304,3905.1055
3029305,0.0
3029306,659.3891
3029307,0.0
3029308,951.9438
3029309,1209.3132
3029310,190.03806
3029311,191.80467
3029312,208.6227
3029313,4381.787
3029314,0.0
3029315,0.0
3029316,31.58989
3029317,81.68699
3029318,0.0
3029319,156.46129
3029320,0.0
3029321,0.0
3029322,0.0
3029323,145.79535
3029324,0.0
3029325,388.14075
3029326,278.61166
3029327,0.0
3029328,0.0
3029329,497.43527
3029330,106.19208
3029331,4334.9795
3029332,0.0
3029333,53.891144
3029334,0.0
3029335,0.0
3029336,10.140116
3029337,3839.1287
3029338,0.0
3029339,757.0899
3029340,0.0
3029341,1086.4355
3029342,1268.1788
3029343,285.62106
3029344,186.17738
3029345,178.70415
3029346,4569.8994
3029347,0.0
3029348,0.0
3029349,33.71931
3029350,82.99331
3029351,0.0
3029352,270.48883
3029353,0.0
3029354,0.0
3029355,33.454346
3029356,132.55627
3029357,0.0
3029358,369.14474
3029359,366.84064
3029360,0.0
3029361,0.0
3029362,472.0541
3029363,114.84805
3029364,3874.974
3029365,0.0
3029366,55.02807
3029367,0.0
3029368,0.0
3029369,0.0
3029370,2883.5688
3029371,0.0
3029372,469.19308
3029373,0.0
3029374,1246.4447
3029375,527.11194
3029376,524.2387
3029377,117.60844
3029378,28.067507
3029379,5717.1465
3029380,0.0
3029381,0.0
3029382,1.6829791
3029383,47.515564
3029384,0.0
3029385,403.5851
3029386,0.0
3029387,0.0
3029388,32.49192
3029389,78.52613
3029390,0.0
3029391,459.57663
3029392,395.8762
3029393,0.0
3029394,0.0
3029395,349.1855
3029396,27.88155
3029397,873.4846
3029398,71.41192
3029399,0.0
